[(735355.0,
  9611.7900000000009,
  9556.0200000000004,
  9627.3799999999992,
  9533.2999999999993,
  88062300.0),
 (735358.0,
  9536.3799999999992,
  9529.5,
  9548.1700000000001,
  9407.0900000000001,
  61911600.0)]

array([[  50.        ,   54.34782609,   58.69565217,   63.04347826,
          67.39130435,   71.73913043,   76.08695652,   80.43478261,
          84.7826087 ,   89.13043478,   93.47826087,   97.82608696,
         102.17391304,  106.52173913,  110.86956522,  115.2173913 ,
         119.56521739,  123.91304348,  128.26086957,  132.60869565,
         136.95652174,  141.30434783,  145.65217391,  150.        ],
       [  50.        ,   54.34782609,   58.69565217,   63.04347826,
          67.39130435,   71.73913043,   76.08695652,   80.43478261,
          84.7826087 ,   89.13043478,   93.47826087,   97.82608696,
         102.17391304,  106.52173913,  110.86956522,  115.2173913 ,
         119.56521739,  123.91304348,  128.26086957,  132.60869565,
         136.95652174,  141.30434783,  145.65217391,  150.        ]])