Date	Open	High	Low	Close	Volume	Adj Close
25-Oct-17	14.69	14.81	14.48	14.53	"17935959"	14.53
24-Oct-17	14.2	14.74	14.2	14.66	"19777683"	14.66
23-Oct-17	14.38	14.41	14.2	14.23	"8790639"	14.23
20-Oct-17	14.3	14.43	14.24	14.4	"10136266"	14.4
19-Oct-17	14.4	14.49	14.14	14.18	"9142078"	14.18
18-Oct-17	14.24	14.41	14.19	14.38	"7400188"	14.38
17-Oct-17	14.17	14.31	14.11	14.25	"8666322"	14.25
16-Oct-17	14.09	14.23	13.98	14.11	"8650274"	14.11
13-Oct-17	14.19	14.24	13.95	13.99	"12445846"	13.99
12-Oct-17	14.31	14.32	14.11	14.17	"9272524"	14.17
11-Oct-17	14.45	14.48	14.21	14.32	"8541996"	14.32
10-Oct-17	14.39	14.46	14.23	14.31	"9928200"	14.31
9-Oct-17	14.71	14.78	14.38	14.38	"11030736"	14.38
6-Oct-17	14.24	14.7	14.22	14.7	"11361001"	14.7
5-Oct-17	14.24	14.7	14.22	14.7	"11361001"	14.7
4-Oct-17	14.51	14.51	14.15	14.35	"13336204"	14.35
3-Oct-17	14.49	14.49	14.49	14.49	"11884229"	14.49
2-Oct-17	14.7	14.77	14.38	14.49	"11884217"	14.49
29-Sep-17	14.37	14.64	14.27	14.63	"15745572"	14.63
28-Sep-17	14.12	14.63	14.12	14.37	"20348282"	14.37
27-Sep-17	13.7	14.02	13.69	13.99	"14199387"	13.99
26-Sep-17	13.58	13.78	13.56	13.63	"8628043"	13.63
25-Sep-17	13.87	13.9	13.64	13.66	"10465814"	13.66
22-Sep-17	13.97	13.98	13.81	13.9	"8931804"	13.9
21-Sep-17	13.78	14.1	13.76	13.94	"19549864"	13.94
20-Sep-17	13.74	13.77	13.51	13.57	"13990754"	13.57
19-Sep-17	13.85	13.91	13.71	13.8	"7247453"	13.8
18-Sep-17	13.97	13.99	13.8	13.85	"8650218"	13.85
15-Sep-17	14	14.06	13.81	13.81	"35130817"	13.81
14-Sep-17	14.09	14.24	13.98	14.05	"13900829"	14.05
13-Sep-17	14.17	14.28	14.13	14.14	"10026438"	14.14
12-Sep-17	13.86	14.27	13.81	14.2	"18623389"	14.2
11-Sep-17	13.49	13.71	13.47	13.71	"12034779"	13.71
8-Sep-17	13.2	13.48	13.15	13.34	"8960042"	13.34
7-Sep-17	13.52	13.59	13.26	13.26	"14889628"	13.26
6-Sep-17	13.19	13.48	13.11	13.41	"12204537"	13.41
5-Sep-17	13.49	13.5	13.2	13.22	"10661572"	13.22
4-Sep-17	13.4	13.52	13.38	13.47	"6526139"	13.47
1-Sep-17	13.53	13.6	13.19	13.53	"12954255"	13.53
31-Aug-17	13.5	13.64	13.41	13.47	"10696296"	13.47
30-Aug-17	13.49	13.56	13.35	13.45	"7806920"	13.45
29-Aug-17	13.62	13.62	13.29	13.31	"15909293"	13.31
28-Aug-17	13.74	13.82	13.69	13.71	"5059169"	13.71
25-Aug-17	13.85	14	13.77	13.8	"7781219"	13.8
24-Aug-17	13.85	13.9	13.69	13.81	"10034602"	13.81
23-Aug-17	13.81	14.03	13.68	13.8	"11436386"	13.8
22-Aug-17	13.82	13.89	13.69	13.74	"11672421"	13.74
21-Aug-17	14.05	14.13	13.73	13.76	"13964168"	13.76
18-Aug-17	13.88	14.14	13.76	14.1	"16280517"	14.1
17-Aug-17	14.5	14.5	14.07	14.11	"17049180"	14.11
16-Aug-17	14.69	14.77	14.55	14.58	"8185050"	14.58
15-Aug-17	14.7	14.77	14.44	14.58	"8549489"	14.58
14-Aug-17	14.49	14.76	14.45	14.66	"13127376"	14.66
11-Aug-17	14.3	14.4	13.95	14.22	"19121043"	14.22
10-Aug-17	14.91	14.92	14.4	14.42	"18625298"	14.42
9-Aug-17	15.2	15.27	14.76	14.88	"20324875"	14.88
8-Aug-17	15.36	15.52	15.23	15.47	"8488940"	15.47
7-Aug-17	15.65	15.67	15.44	15.47	"7847140"	15.47
4-Aug-17	15.22	15.65	15.16	15.64	"12468072"	15.64
3-Aug-17	15.1	15.33	15.01	15.28	"10316176"	15.28
2-Aug-17	15.36	15.4	15.1	15.14	"10459502"	15.14
1-Aug-17	15.19	15.41	14.99	15.31	"12639414"	15.31
31-Jul-17	15.42	15.53	14.99	15.09	"16238204"	15.09
28-Jul-17	15.47	15.63	15.35	15.41	"17729054"	15.41
27-Jul-17	16	16.2	15.5	15.52	"30202953"	15.52
26-Jul-17	16.32	16.64	16.31	16.6	"11373766"	16.6
25-Jul-17	16.05	16.5	16.02	16.4	"14306855"	16.4
24-Jul-17	15.62	16.02	15.51	16.01	"12372100"	16.01
21-Jul-17	15.8	15.82	15.52	15.63	"15479667"	15.63
20-Jul-17	15.99	16.07	15.78	15.84	"13515280"	15.84
19-Jul-17	16.01	16.03	15.81	15.94	"8578959"	15.94
18-Jul-17	16.34	16.34	15.86	15.94	"12956113"	15.94
17-Jul-17	16.47	16.48	16.26	16.35	"6392515"	16.35
14-Jul-17	16.56	16.58	16.21	16.37	"11459847"	16.37
13-Jul-17	16.48	16.65	16.43	16.52	"9890449"	16.52
12-Jul-17	16.61	16.71	16.33	16.44	"15586110"	16.44
11-Jul-17	16.66	16.84	16.53	16.59	"10055026"	16.59
10-Jul-17	16.8	16.91	16.51	16.58	"10051594"	16.58
7-Jul-17	16.69	16.83	16.45	16.68	"13329398"	16.68
6-Jul-17	16.49	16.78	16.39	16.69	"17019407"	16.69
5-Jul-17	16.35	16.53	16.07	16.36	"14995856"	16.36
4-Jul-17	15.93	16.55	15.83	16.4	"12913897"	16.4
3-Jul-17	15.65	16.09	15.62	16.09	"10625539"	16.09
30-Jun-17	15.88	15.95	15.52	15.52	"13265509"	15.52
29-Jun-17	15.97	16.19	15.79	15.82	"19379959"	15.82
28-Jun-17	15.51	15.77	15.38	15.74	"16015228"	15.74
27-Jun-17	15.04	15.6	14.98	15.52	"15687685"	15.52
26-Jun-17	14.98	15.19	14.96	15.04	"8979977"	15.04
23-Jun-17	15.03	15.11	14.88	14.9	"10036189"	14.9
22-Jun-17	15.15	15.19	14.86	15.05	"12531847"	15.05
21-Jun-17	15.16	15.28	14.93	15.19	"10349360"	15.19
20-Jun-17	15.49	15.65	15.22	15.22	"11922905"	15.22
19-Jun-17	15.12	15.44	15.09	15.38	"12425074"	15.38
16-Jun-17	15.18	15.34	14.88	15	"41494790"	15
15-Jun-17	15.4	15.44	15.04	15.12	"14660833"	15.12
14-Jun-17	15.63	15.69	15.23	15.27	"13744963"	15.27
13-Jun-17	15.57	15.65	15.49	15.56	"7489654"	15.56
12-Jun-17	15.8	15.85	15.46	15.46	"10643256"	15.46
9-Jun-17	15.65	15.9	15.53	15.81	"11583710"	15.81
8-Jun-17	15.5	15.73	15.32	15.63	"12403291"	15.63
7-Jun-17	15.3	15.63	15.23	15.48	"11052519"	15.48
6-Jun-17	15.49	15.49	15.3	15.33	"12042231"	15.33
5-Jun-17	15.59	15.59	15.59	15.59	"14946731"	15.59
2-Jun-17	15.8	16.05	15.52	15.59	"14946673"	15.59
1-Jun-17	15.6	15.65	15.33	15.61	"15160621"	15.61
31-May-17	16.1	16.17	15.57	15.57	"20710452"	15.57
30-May-17	16.31	16.38	16.06	16.14	"12553512"	16.14
29-May-17	16.51	16.53	16.32	16.43	"5104433"	16.43
26-May-17	16.76	16.81	16.38	16.49	"14144756"	16.49
25-May-17	16.98	17.11	16.67	16.85	"7423946"	16.85
24-May-17	17.13	17.17	16.82	16.95	"9328569"	16.95
23-May-17	16.93	17.26	16.91	17.12	"9064866"	17.12
22-May-17	17.18	17.31	16.92	16.99	"9033530"	16.99
19-May-17	16.83	17.11	16.63	17.09	"16120605"	17.09
18-May-17	16.91	17	16.42	16.81	"21027399"	16.61
17-May-17	17.33	17.51	16.76	16.85	"18393781"	16.66
16-May-17	17.39	17.66	17.35	17.46	"11089088"	17.26
15-May-17	17.38	17.61	17.29	17.57	"10717434"	17.37
12-May-17	17.28	17.4	17.08	17.18	"10549330"	16.99
11-May-17	17.5	17.59	17.16	17.33	"12631862"	17.14
10-May-17	17.37	17.65	17.06	17.49	"19087942"	17.29
9-May-17	17.44	17.69	17.33	17.33	"12960767"	17.14
8-May-17	17.6	17.65	17.18	17.44	"15047178"	17.24
5-May-17	17.08	17.47	16.95	17.42	"15467921"	17.22
4-May-17	17	17.22	16.84	17.19	"13034848"	17
3-May-17	16.68	16.87	16.57	16.8	"9924916"	16.61
2-May-17	16.53	16.75	16.53	16.67	"10861591"	16.49
28-Apr-17	16.59	16.81	16.42	16.53	"15518130"	16.34
27-Apr-17	16.83	16.96	16.56	16.7	"20925985"	16.51
26-Apr-17	17.02	17.36	16.96	17.33	"17464281"	17.14
25-Apr-17	17.03	17.14	16.8	16.94	"16819072"	16.75
24-Apr-17	16.25	16.99	16.25	16.99	"44328930"	16.8
21-Apr-17	15.43	15.62	15.27	15.56	"17842867"	15.39
20-Apr-17	15.05	15.44	15	15.34	"14412043"	15.16
19-Apr-17	14.93	15.3	14.91	15.2	"12391238"	15.03
18-Apr-17	15.13	15.17	14.69	14.9	"17591014"	14.73
13-Apr-17	15.26	15.26	15.03	15.13	"14396891"	14.95
12-Apr-17	15.4	15.58	15.17	15.28	"14880424"	15.11
11-Apr-17	15.51	15.55	15.18	15.31	"14240750"	15.13
10-Apr-17	15.56	15.64	15.4	15.55	"10854133"	15.37
7-Apr-17	15.53	15.81	15.39	15.53	"14724734"	15.35
6-Apr-17	15.5	15.72	15.31	15.68	"12053731"	15.5
5-Apr-17	15.71	15.9	15.54	15.65	"16120796"	15.47
4-Apr-17	15.35	15.6	15.1	15.6	"48469234"	15.42
3-Apr-17	15.94	16.02	15.6	15.7	"20079171"	15.52
31-Mar-17	16.04	16.15	15.81	16.15	"18777799"	15.97
30-Mar-17	16.15	16.23	15.72	16.03	"15261303"	15.85
29-Mar-17	16.03	16.28	15.83	16.17	"21406434"	15.98
28-Mar-17	15.54	16	15.51	15.95	"16644258"	15.77
27-Mar-17	15.36	15.52	15.11	15.51	"14769361"	15.33
24-Mar-17	15.71	15.89	15.49	15.53	"13218175"	15.36
23-Mar-17	15.76	15.77	15.56	15.76	"16960623"	15.58
22-Mar-17	15.8	15.92	15.67	15.73	"18641823"	15.55
21-Mar-17	15.45	16.47	15.42	16	"41242880"	15.82
20-Mar-17	15.66	15.82	15.2	15.35	"53239762"	15.17
17-Mar-17	16.09	16.36	15.83	15.94	"21291766"	15.76
16-Mar-17	16.42	16.51	16.1	16.18	"14789986"	16
15-Mar-17	16.23	16.5	16.21	16.34	"9225064"	16.15
14-Mar-17	16.36	16.36	16.1	16.19	"10764390"	16.01
13-Mar-17	16.47	16.48	16.16	16.39	"9459407"	16.2
10-Mar-17	16.11	16.49	16.07	16.3	"19573754"	16.11
9-Mar-17	15.63	16.04	15.62	15.96	"14742255"	15.78
8-Mar-17	15.46	15.98	15.4	15.74	"16977469"	15.56
7-Mar-17	15.59	15.66	15.23	15.45	"18167111"	15.28
6-Mar-17	15.98	16.29	15.6	15.73	"41502435"	15.56
3-Mar-17	17.09	17.67	16.69	17.08	"22456296"	16.89
2-Mar-17	17.49	17.65	17.28	17.31	"11323874"	17.11
1-Mar-17	16.87	17.47	16.73	17.45	"22858642"	17.25
28-Feb-17	16.51	16.73	16.45	16.6	"9987452"	16.41
27-Feb-17	16.15	16.47	16.15	16.43	"7596476"	16.25
24-Feb-17	16.51	16.64	16.01	16.19	"11513943"	16.01
23-Feb-17	16.62	16.85	16.46	16.55	"8846955"	16.36
22-Feb-17	16.59	16.81	16.4	16.62	"8155334"	16.43
21-Feb-17	16.49	16.68	16.21	16.59	"8810515"	16.4
20-Feb-17	16.47	16.53	16.32	16.51	"6259868"	16.32
17-Feb-17	16.55	16.61	15.97	16.24	"16373153"	16.06
16-Feb-17	16.87	16.87	16.49	16.52	"7993135"	16.34
15-Feb-17	16.49	17.13	16.48	16.85	"16075387"	16.66
14-Feb-17	16.15	16.44	16.1	16.44	"9651026"	16.25
13-Feb-17	15.94	16.23	15.85	16.18	"8299897"	16
10-Feb-17	16.26	16.28	15.78	15.89	"9377819"	15.71
9-Feb-17	16.11	16.2	15.84	16.07	"10696468"	15.88
8-Feb-17	16.42	16.52	15.73	16.01	"16256156"	15.83
7-Feb-17	16.43	16.61	16.27	16.34	"10955734"	16.16
6-Feb-17	16.78	16.86	16.49	16.49	"13810355"	16.31
3-Feb-17	16.3	16.81	16.19	16.81	"16501396"	16.62
2-Feb-17	16.65	16.73	15.9	16.23	"28631586"	16.04
1-Feb-17	16.61	17.12	16.49	17.12	"14965498"	16.92
31-Jan-17	16.92	17.08	16.4	16.41	"14032980"	16.23
30-Jan-17	16.96	17	16.56	16.61	"9603480"	16.42
27-Jan-17	17.4	17.4	17.04	17.12	"10337478"	16.92
26-Jan-17	17.49	17.82	17.2	17.35	"15412098"	17.15
25-Jan-17	16.52	17.4	16.52	17.31	"22154705"	17.12
24-Jan-17	15.97	16.37	15.97	16.37	"11028563"	16.19
23-Jan-17	15.93	16.21	15.78	15.94	"12018102"	15.76
20-Jan-17	15.73	16.14	15.68	16.12	"16029366"	15.94
19-Jan-17	15.73	16	15.65	15.8	"12802423"	15.62
18-Jan-17	15.76	15.77	15.39	15.67	"13126822"	15.5
17-Jan-17	15.71	15.97	15.45	15.6	"12488083"	15.42
16-Jan-17	15.98	16.03	15.7	15.7	"8743192"	15.53
13-Jan-17	15.75	16.31	15.74	16.19	"13769051"	16.01
12-Jan-17	16.09	16.11	15.54	15.57	"9782350"	15.39
11-Jan-17	15.79	16.19	15.77	16.13	"10375662"	15.95
10-Jan-17	15.98	16.02	15.65	15.76	"12886961"	15.58
9-Jan-17	16.23	16.36	15.93	16.15	"9424444"	15.97
6-Jan-17	16.18	16.35	16.04	16.35	"11183917"	16.17
5-Jan-17	16.42	16.74	16.02	16.17	"15983433"	15.99
4-Jan-17	15.93	16.32	15.93	16.3	"14429132"	16.11
3-Jan-17	15.69	15.96	15.27	15.81	"15509039"	15.63
2-Jan-17	15.35	15.83	15.3	15.66	"5657913"	15.48
30-Dec-16	15.27	15.41	15.02	15.4	"6363894"	15.22
29-Dec-16	15.38	15.53	15.19	15.27	"6961426"	15.1
28-Dec-16	15.66	15.71	15.32	15.64	"8481796"	15.46
27-Dec-16	15.9	16.05	15.52	15.65	"7021432"	15.48
23-Dec-16	16.5	16.63	15.89	15.9	"16826352"	15.72
22-Dec-16	15.98	16.15	15.78	15.84	"5606942"	15.66
21-Dec-16	16.27	16.44	15.91	16.06	"12880281"	15.88
20-Dec-16	15.71	16.18	15.65	16.13	"10637027"	15.95
19-Dec-16	16.07	16.08	15.58	15.62	"16062704"	15.45
16-Dec-16	16.26	16.53	16.16	16.36	"26500889"	16.17
15-Dec-16	15.7	16.26	15.64	16.22	"25403670"	16.03
14-Dec-16	15.62	15.87	15.39	15.39	"10921065"	15.22
13-Dec-16	15.37	15.98	15.2	15.59	"16602824"	15.42
12-Dec-16	15.36	15.63	15.05	15.4	"13437678"	15.22
9-Dec-16	16.04	16.06	15.36	15.48	"17971795"	15.3
8-Dec-16	15.59	16.3	15.33	15.95	"31242076"	15.77
7-Dec-16	15.16	15.64	15	15.51	"27823179"	15.34
6-Dec-16	13.83	14.73	13.64	14.72	"24118308"	14.55
5-Dec-16	12.97	13.7	12.87	13.64	"18936852"	13.48
2-Dec-16	13.46	13.52	13.05	13.24	"12599189"	13.09
1-Dec-16	13.19	13.61	13.16	13.5	"10378913"	13.35
30-Nov-16	13.03	13.37	12.87	13.26	"11268225"	13.11
29-Nov-16	12.74	13.16	12.68	13.08	"14759396"	12.94
28-Nov-16	13.16	13.16	12.82	12.92	"10445754"	12.78
25-Nov-16	13.29	13.29	13	13.25	"6605813"	13.1
24-Nov-16	13.27	13.4	13.21	13.25	"4719724"	13.1
23-Nov-16	13.34	13.37	13.08	13.3	"7581633"	13.15
22-Nov-16	13.55	13.55	13.24	13.31	"8882391"	13.16
21-Nov-16	13.48	13.49	13.28	13.4	"7187018"	13.25
18-Nov-16	13.53	13.74	13.3	13.35	"15597783"	13.2
17-Nov-16	13.3	13.49	13.04	13.41	"12394204"	13.25
16-Nov-16	13.66	13.78	13.35	13.45	"11882964"	13.29
15-Nov-16	13.79	13.79	13.22	13.66	"15627909"	13.5
14-Nov-16	13.39	13.81	13.26	13.66	"25689941"	13.51
11-Nov-16	12.85	13.2	12.77	13.16	"26921629"	13.02
10-Nov-16	12.03	12.94	11.98	12.59	"37583506"	12.45
9-Nov-16	10.98	11.92	10.91	11.92	"23826245"	11.79
8-Nov-16	11.47	11.55	11.23	11.51	"9455756"	11.38
7-Nov-16	11.07	11.48	11.04	11.48	"11305051"	11.35
4-Nov-16	10.96	10.96	10.71	10.92	"9372237"	10.79
3-Nov-16	10.9	11.21	10.85	10.96	"11456659"	10.84
2-Nov-16	11.2	11.23	10.88	10.97	"12182929"	10.85
1-Nov-16	11.75	11.82	11.25	11.29	"11470705"	11.16
31-Oct-16	11.89	12	11.66	11.74	"8745364"	11.61
28-Oct-16	11.86	11.93	11.78	11.89	"8937369"	11.76
27-Oct-16	12.22	12.26	11.76	11.94	"16723361"	11.8
26-Oct-16	11.62	11.91	11.62	11.87	"11794138"	11.73