Date	Open	High	Low	Close	Volume	Adj Close
25-Oct-17	38.16	38.46	38.13	38.23	"1812824"	38.23
24-Oct-17	38.1	38.35	38.04	38.23	"2071778"	38.23
23-Oct-17	38.38	38.46	38.1	38.15	"1506946"	38.15
20-Oct-17	38.17	38.35	38.06	38.22	"2344958"	38.22
19-Oct-17	38.35	38.38	37.9	38.07	"2358281"	38.07
18-Oct-17	38.2	38.52	37.96	38.26	"1770476"	38.26
17-Oct-17	38.31	38.37	38.12	38.17	"1798636"	38.17
16-Oct-17	38.33	38.4	38.15	38.37	"1337063"	38.37
13-Oct-17	38.32	38.33	38.1	38.21	"1503855"	38.21
12-Oct-17	38.1	38.41	38.06	38.21	"2330346"	38.21
11-Oct-17	38.15	38.18	37.97	38.06	"1607071"	38.06
10-Oct-17	37.6	38.16	37.51	38.06	"2654641"	38.06
9-Oct-17	37.31	37.43	37.17	37.41	"1640332"	37.41
6-Oct-17	37.31	37.43	37.17	37.41	"1640332"	37.41
5-Oct-17	38.12	38.13	37.53	37.97	"3634713"	37.97
4-Oct-17	38.12	38.13	37.53	37.97	"3634713"	37.97
3-Oct-17	38.13	38.13	38.13	38.13	"2706942"	38.13
2-Oct-17	37.96	38.26	37.87	38.13	"2306944"	38.13
29-Sep-17	37.78	37.82	37.53	37.67	"3325579"	37.67
28-Sep-17	37.33	37.69	37.29	37.69	"2189811"	37.69
27-Sep-17	37.17	37.29	37	37.22	"1795196"	37.22
26-Sep-17	37.11	37.33	36.92	37.06	"1958682"	37.06
25-Sep-17	37.22	37.42	37.17	37.18	"2027613"	37.18
22-Sep-17	37.04	37.42	36.97	37.22	"1888132"	37.22
21-Sep-17	37	37.22	36.95	37.08	"1605673"	37.08
20-Sep-17	36.86	36.95	36.6	36.95	"1582034"	36.95
19-Sep-17	36.65	36.97	36.56	36.86	"2733689"	36.86
18-Sep-17	36.45	36.58	36.37	36.4	"1815784"	36.4
15-Sep-17	36.29	36.44	36.09	36.12	"7679453"	36.12
14-Sep-17	36.4	36.49	36.1	36.19	"2687885"	36.19
13-Sep-17	36	36.45	35.95	36.45	"2426074"	36.45
12-Sep-17	35.96	36.11	35.92	36.06	"1713230"	36.06
11-Sep-17	35.45	35.79	35.36	35.79	"1949677"	35.79
8-Sep-17	35.13	35.31	35.13	35.21	"1433904"	35.21
7-Sep-17	35.17	35.4	35.06	35.26	"2389491"	35.26
6-Sep-17	34.56	35.28	34.51	34.99	"2187167"	34.99
5-Sep-17	34.97	35.1	34.69	34.83	"2027413"	34.83
4-Sep-17	34.81	35.02	34.81	34.81	"1635737"	34.81
1-Sep-17	35	35.37	35	35.13	"2406844"	35.13
31-Aug-17	34.71	35	34.56	34.85	"3851291"	34.85
30-Aug-17	34.56	34.67	34.35	34.58	"1515281"	34.58
29-Aug-17	34.38	34.41	33.96	34.31	"2376519"	34.31
28-Aug-17	34.59	34.83	34.42	34.67	"956598"	34.67
25-Aug-17	35.04	35.04	34.72	34.73	"1627368"	34.73
24-Aug-17	35.08	35.26	34.96	35.03	"1845439"	35.03
23-Aug-17	35.23	35.23	34.93	34.97	"1527005"	34.97
22-Aug-17	35.08	35.25	34.92	35.22	"1826666"	35.22
21-Aug-17	34.84	35.01	34.65	34.8	"1312699"	34.8
18-Aug-17	34.81	34.98	34.56	34.98	"2562090"	34.98
17-Aug-17	35.46	35.51	35.01	35.12	"2208744"	35.12
16-Aug-17	35.32	35.58	35.28	35.51	"2276310"	35.51
15-Aug-17	35	35.32	34.94	35.1	"2359513"	35.1
14-Aug-17	34.39	34.8	34.38	34.76	"2676888"	34.76
11-Aug-17	34.22	34.37	33.78	34.24	"3454224"	34.24
10-Aug-17	34.42	34.49	33.99	34.15	"2687832"	34.15
9-Aug-17	34.47	34.51	34.12	34.42	"2903179"	34.42
8-Aug-17	34.4	34.78	33.9	34.6	"3710162"	34.6
7-Aug-17	34.17	34.24	33.99	34.15	"1887666"	34.15
4-Aug-17	33.69	34.2	33.56	34.2	"2348209"	34.2
3-Aug-17	33.67	33.88	33.58	33.67	"1781979"	33.67
2-Aug-17	33.53	33.97	33.5	33.76	"3070385"	33.76
1-Aug-17	32.94	33.38	32.73	33.38	"2778812"	33.38
31-Jul-17	32.67	32.92	32.58	32.8	"2638056"	32.8
28-Jul-17	32.54	32.79	32.33	32.76	"2445132"	32.76
27-Jul-17	32.8	33.1	32.72	32.78	"2062794"	32.78
26-Jul-17	32.83	33.21	32.81	32.91	"1973279"	32.91
25-Jul-17	32.68	33.05	32.67	32.88	"2135776"	32.88
24-Jul-17	33.08	33.13	32.69	32.74	"2388613"	32.74
21-Jul-17	33.44	33.54	32.78	33.07	"4580754"	33.07
20-Jul-17	33.88	33.98	33.26	33.53	"2631377"	33.53
19-Jul-17	33.9	33.99	33.64	33.71	"1681443"	33.71
18-Jul-17	34.11	34.21	33.72	33.84	"2492361"	33.84
17-Jul-17	34.17	34.31	33.93	34.2	"1734678"	34.2
14-Jul-17	34.2	34.2	34.04	34.16	"2090703"	34.16
13-Jul-17	34.06	34.26	33.98	34.18	"2921934"	34.18
12-Jul-17	33.32	34.17	33.31	34	"3724130"	34
11-Jul-17	33.19	33.4	33.06	33.1	"1895916"	33.1
10-Jul-17	33.03	33.25	32.93	33.15	"1750608"	33.15
7-Jul-17	32.94	32.97	32.65	32.83	"1896949"	32.83
6-Jul-17	33.14	33.27	32.74	32.99	"3227314"	32.99
5-Jul-17	33.28	33.51	33.22	33.22	"2323669"	33.22
4-Jul-17	33.33	33.56	33.24	33.31	"1787899"	33.31
3-Jul-17	33.26	33.57	33.05	33.49	"2235248"	33.49
30-Jun-17	32.95	33.28	32.8	32.82	"2914210"	32.82
29-Jun-17	33.4	33.55	32.96	32.97	"3379437"	32.97
28-Jun-17	33.01	33.37	32.89	33.33	"2688316"	33.33
27-Jun-17	33.19	33.33	33.06	33.26	"2566711"	33.26
26-Jun-17	32.58	33.35	32.58	33.19	"3087973"	33.19
23-Jun-17	32.38	32.63	32.32	32.49	"1754285"	32.49
22-Jun-17	32.49	32.5	32.28	32.42	"1669732"	32.42
21-Jun-17	32.65	32.76	32.41	32.51	"1852459"	32.51
20-Jun-17	33	33.08	32.67	32.67	"2149090"	32.67
19-Jun-17	32.62	32.94	32.62	32.85	"2123829"	32.85
16-Jun-17	32.6	32.72	32.16	32.38	"8402321"	32.38
15-Jun-17	32.81	33	32.19	32.47	"3876127"	32.47
14-Jun-17	32.21	33.42	32.17	32.87	"5324156"	32.87
13-Jun-17	31.86	32.12	31.77	32.06	"1971365"	32.06
12-Jun-17	31.84	31.85	31.58	31.76	"2133633"	31.76
9-Jun-17	31.93	32.22	31.76	31.91	"2032449"	31.91
8-Jun-17	32.15	32.22	31.94	31.94	"2152526"	31.94
7-Jun-17	32.34	32.42	32.08	32.08	"2227722"	32.08
6-Jun-17	32.57	32.74	32.23	32.35	"2898734"	32.35
5-Jun-17	32.63	32.63	32.63	32.63	"2591430"	32.63
2-Jun-17	32.49	32.83	32.47	32.63	"2059430"	32.63
1-Jun-17	32.54	32.6	32.33	32.33	"2777095"	32.33
31-May-17	31.81	32.72	31.8	32.51	"7199669"	32.51
30-May-17	31.52	31.82	31.44	31.82	"2642049"	31.82
29-May-17	31.5	31.69	31.5	31.58	"700417"	31.58
26-May-17	31.54	31.62	31.36	31.58	"1551495"	31.58
25-May-17	31.75	31.84	31.39	31.52	"1756037"	31.52
24-May-17	31.68	31.71	31.48	31.64	"1521009"	31.64
23-May-17	31.45	31.86	31.45	31.7	"2320471"	31.7
22-May-17	31.76	31.77	31.5	31.53	"2205601"	31.53
19-May-17	31.52	31.71	31.43	31.57	"3189433"	31.57
18-May-17	31.77	31.87	31.18	31.51	"3352195"	31.51
17-May-17	32.12	32.34	31.62	31.69	"2756787"	31.69
16-May-17	32.26	32.48	32.17	32.36	"2247510"	32.36
15-May-17	32.26	32.38	32.22	32.3	"2223296"	32.3
12-May-17	31.9	32.14	31.58	32.09	"4192297"	32.09
11-May-17	31.95	32.04	31.5	31.77	"6313709"	31.77
10-May-17	32.69	32.96	32.67	32.9	"2346157"	32.9
9-May-17	32.87	33.08	32.76	32.85	"3464834"	32.85
8-May-17	33.16	33.16	32.85	33.1	"2706777"	33.1
5-May-17	32.79	33.31	32.77	33.08	"3239099"	33.08
4-May-17	32.36	32.96	32.22	32.96	"3412249"	32.96
3-May-17	32.08	32.29	31.99	32.29	"2350858"	32.29
2-May-17	33	33	31.95	32.17	"4151713"	32.17
28-Apr-17	32.4	33.06	32.35	33	"7081978"	31.95
27-Apr-17	32.21	32.53	32.1	32.41	"3382912"	31.38
26-Apr-17	32.08	32.25	32.02	32.24	"3228355"	31.22
25-Apr-17	32.26	32.28	32.03	32.13	"3045631"	31.11
24-Apr-17	31.5	32.26	31.5	32.26	"6125196"	31.23
21-Apr-17	30.55	30.83	30.54	30.72	"4316777"	29.74
20-Apr-17	30.75	30.86	30.52	30.6	"2795255"	29.63
19-Apr-17	31	31	30.79	30.82	"2065948"	29.83
18-Apr-17	31.09	31.38	30.84	30.84	"2180769"	29.86
13-Apr-17	31.05	31.24	31	31.09	"2106600"	30.11
12-Apr-17	31.17	31.31	31.06	31.08	"2127976"	30.09
11-Apr-17	31.19	31.27	30.91	31.17	"2498239"	30.18
10-Apr-17	31.48	31.57	31.22	31.29	"2120782"	30.29
7-Apr-17	31.63	31.65	31.37	31.56	"2724329"	30.55
6-Apr-17	31.55	31.82	31.35	31.75	"2149064"	30.74
5-Apr-17	31.74	31.83	31.61	31.67	"2549651"	30.66
4-Apr-17	31.64	31.83	31.61	31.8	"2158054"	30.79
3-Apr-17	32.21	32.21	31.72	31.76	"3096370"	30.75
31-Mar-17	31.78	32.1	31.69	32.1	"3046463"	31.08
30-Mar-17	31.82	31.94	31.61	31.86	"2524754"	30.85
29-Mar-17	31.34	31.55	31.27	31.51	"1945296"	30.51
28-Mar-17	31.22	31.28	30.9	31.28	"2494486"	30.29
27-Mar-17	31.24	31.28	30.92	31.09	"2528446"	30.1
24-Mar-17	31.61	31.61	31.29	31.44	"2244684"	30.44
23-Mar-17	31.24	31.63	31.23	31.57	"2666688"	30.57
22-Mar-17	31.35	31.39	31.11	31.23	"2901471"	30.24
21-Mar-17	31.92	31.97	31.47	31.52	"3235113"	30.52
20-Mar-17	31.92	32.01	31.86	31.86	"2319901"	30.85
17-Mar-17	31.79	32.03	31.74	32.01	"7748643"	30.99
16-Mar-17	31.58	31.88	31.48	31.83	"4411121"	30.82
15-Mar-17	31.21	31.27	31.03	31.19	"2193088"	30.2
14-Mar-17	31.08	31.11	30.74	31.07	"2464095"	30.08
13-Mar-17	30.89	31.2	30.79	31.01	"2700962"	30.03
10-Mar-17	31.28	31.51	31.13	31.13	"2984448"	30.13
9-Mar-17	31.3	31.39	30.93	31.14	"3972852"	30.14
8-Mar-17	31.5	31.62	30.58	31.31	"6794237"	30.31
7-Mar-17	32.32	32.42	32.15	32.19	"1904436"	31.17
6-Mar-17	32.19	32.34	32.06	32.28	"1942049"	31.25
3-Mar-17	32.41	32.51	32.17	32.28	"2975949"	31.26
2-Mar-17	32.82	32.87	32.52	32.6	"2451002"	31.56
1-Mar-17	32.6	32.95	32.52	32.89	"3087438"	31.84
28-Feb-17	32.22	32.42	32.16	32.38	"2381604"	31.34
27-Feb-17	32.19	32.26	32.06	32.15	"1638012"	31.12
24-Feb-17	32.42	32.58	32	32.19	"2692058"	31.16
23-Feb-17	32.28	32.61	32.24	32.47	"2345417"	31.43
22-Feb-17	32.34	32.45	32.31	32.34	"2624477"	31.31
21-Feb-17	31.85	32.3	31.85	32.24	"1947812"	31.22
20-Feb-17	32	32.03	31.89	31.99	"1310632"	30.97
17-Feb-17	31.93	32	31.75	31.9	"2554244"	30.88
16-Feb-17	31.92	32.11	31.83	31.99	"2721620"	30.97
15-Feb-17	32	32	31.75	31.94	"2028070"	30.93
14-Feb-17	31.71	31.89	31.68	31.89	"1983326"	30.88
13-Feb-17	31.52	31.92	31.49	31.74	"2289937"	30.73
10-Feb-17	31.27	31.53	31.26	31.42	"2052738"	30.43
9-Feb-17	30.9	31.22	30.83	31.14	"3129045"	30.15
8-Feb-17	31.07	31.19	30.78	30.8	"2849707"	29.82
7-Feb-17	31.15	31.34	31.06	31.12	"1825729"	30.13
6-Feb-17	31.32	31.4	31.13	31.16	"2476691"	30.17
3-Feb-17	31.27	31.41	31.17	31.34	"1910504"	30.35
2-Feb-17	31.15	31.41	31.15	31.24	"1688948"	30.24
1-Feb-17	31.08	31.56	31.07	31.29	"2848317"	30.29
31-Jan-17	31.4	31.61	30.95	30.95	"4216202"	29.97
30-Jan-17	31.83	31.88	31.29	31.43	"2533467"	30.43
27-Jan-17	31.9	31.92	31.69	31.88	"1596832"	30.87
26-Jan-17	32.03	32.18	31.84	31.92	"1974569"	30.91
25-Jan-17	31.54	32.03	31.43	31.95	"2946857"	30.94
24-Jan-17	31.27	31.44	31.25	31.34	"2068766"	30.35
23-Jan-17	31.33	31.43	31.13	31.27	"2705595"	30.28
20-Jan-17	31.47	31.62	31.43	31.51	"3440010"	30.51
19-Jan-17	31.41	31.56	31.23	31.48	"2535975"	30.48
18-Jan-17	31.35	31.45	31.11	31.37	"2242639"	30.37
17-Jan-17	31.35	31.42	31.03	31.3	"2724104"	30.3
16-Jan-17	31.52	31.52	31.33	31.4	"1640456"	30.4
13-Jan-17	31.58	31.83	31.52	31.69	"2395196"	30.68
12-Jan-17	31.61	31.68	31.37	31.42	"2604394"	30.42
11-Jan-17	31.45	31.86	31.35	31.69	"2984476"	30.68
10-Jan-17	31.62	31.7	31.3	31.43	"2727733"	30.43
9-Jan-17	31.94	31.94	31.47	31.61	"2638643"	30.61
6-Jan-17	31.83	31.94	31.74	31.87	"2302489"	30.86
5-Jan-17	31.53	31.94	31.5	31.85	"3778146"	30.84
4-Jan-17	31.47	31.5	31.14	31.33	"3020514"	30.33
3-Jan-17	31.58	31.6	31.39	31.5	"2548784"	30.5
2-Jan-17	31.1	31.54	31.05	31.4	"1451574"	30.4
30-Dec-16	31.1	31.24	30.91	31.24	"1875466"	30.24
29-Dec-16	31.16	31.26	31.15	31.16	"1594607"	30.17
28-Dec-16	31.24	31.38	31.23	31.26	"2007970"	30.27
27-Dec-16	31.22	31.39	31.22	31.31	"1272795"	30.31
23-Dec-16	31.29	31.36	31.1	31.22	"2062024"	30.22
22-Dec-16	31.2	31.39	31.11	31.35	"2446521"	30.35
21-Dec-16	31.09	31.25	31.02	31.19	"2492953"	30.2
20-Dec-16	31.08	31.18	31	31.18	"3305641"	30.19
19-Dec-16	31.09	31.21	30.99	31.15	"2348345"	30.16
16-Dec-16	30.86	31.29	30.86	31.12	"7708388"	30.13
15-Dec-16	30.72	31.05	30.67	30.95	"4567249"	29.97
14-Dec-16	30.7	30.86	30.58	30.67	"4076086"	29.69
13-Dec-16	30.35	30.91	30.32	30.8	"4524410"	29.82
12-Dec-16	30.09	30.36	30.01	30.34	"2910615"	29.37
9-Dec-16	30.36	30.39	30.13	30.17	"3277217"	29.21
8-Dec-16	30	30.25	29.8	30.24	"4566786"	29.28
7-Dec-16	29.75	30.03	29.75	29.85	"4820895"	28.9
6-Dec-16	29.27	29.49	29.03	29.44	"3316828"	28.5
5-Dec-16	28.85	29.39	28.85	29.27	"3337997"	28.34
2-Dec-16	28.91	28.99	28.57	28.9	"3179095"	27.98
1-Dec-16	29.37	29.39	28.84	29.03	"3611114"	28.11
30-Nov-16	29.29	29.49	29.27	29.49	"3193088"	28.55
29-Nov-16	29.1	29.36	29	29.28	"2202361"	28.35
28-Nov-16	29.25	29.27	29.03	29.15	"1870212"	28.22
25-Nov-16	29.31	29.34	29.11	29.32	"1439881"	28.38
24-Nov-16	29.42	29.43	29.09	29.24	"1790682"	28.31
23-Nov-16	29.43	29.54	29.19	29.27	"2971575"	28.34
22-Nov-16	29.27	29.42	29.16	29.38	"3130481"	28.45
21-Nov-16	29.17	29.2	28.81	29.15	"2089308"	28.22
18-Nov-16	29.39	29.45	28.97	29.12	"3495991"	28.19
17-Nov-16	29.05	29.37	29.02	29.26	"2749068"	28.33
16-Nov-16	29	29.17	28.88	29.02	"2847280"	28.1
15-Nov-16	28.81	28.99	28.74	28.92	"2235293"	27.99
14-Nov-16	28.93	29.08	28.56	28.7	"3066573"	27.79
11-Nov-16	28.69	28.84	28.46	28.67	"2965648"	27.75
10-Nov-16	28.9	29.19	28.42	28.61	"4822313"	27.7
9-Nov-16	28	28.77	27.87	28.74	"5927227"	27.83
8-Nov-16	28.15	28.86	28.14	28.71	"3919646"	27.8
7-Nov-16	28.25	28.41	28.05	28.29	"2843899"	27.39
4-Nov-16	27.86	27.93	27.58	27.87	"3000629"	26.98
3-Nov-16	27.96	28.12	27.84	27.92	"2004730"	27.03
2-Nov-16	27.89	28.06	27.76	27.96	"3099104"	27.07
1-Nov-16	28.4	28.47	27.94	28.02	"2718522"	27.13
31-Oct-16	28.15	28.35	28.09	28.23	"2338154"	27.33
28-Oct-16	28.06	28.41	27.87	28.3	"2359659"	27.4
27-Oct-16	28.22	28.5	28.06	28.24	"2304357"	27.34
26-Oct-16	28.18	28.4	28.11	28.29	"2700121"	27.39