Date	Open	High	Low	Close	Volume	Adj Close
25-Oct-17	15.54	15.55	15.34	15.4	"8357387"	15.4
24-Oct-17	15.45	15.6	15.41	15.52	"8270138"	15.52
23-Oct-17	15.43	15.6	15.37	15.42	"7083809"	15.42
20-Oct-17	15.44	15.48	15.35	15.4	"8091888"	15.4
19-Oct-17	15.61	15.68	15.34	15.35	"12428600"	15.35
18-Oct-17	15.5	15.65	15.44	15.55	"9599767"	15.55
17-Oct-17	15.55	15.57	15.43	15.43	"8438570"	15.43
16-Oct-17	15.52	15.63	15.46	15.56	"6730526"	15.56
13-Oct-17	15.43	15.54	15.41	15.45	"6478071"	15.45
12-Oct-17	15.64	15.65	15.4	15.43	"12005955"	15.43
11-Oct-17	15.7	15.72	15.52	15.65	"10261915"	15.65
10-Oct-17	15.73	15.74	15.64	15.67	"6022494"	15.67
9-Oct-17	15.73	15.76	15.68	15.7	"4390714"	15.7
6-Oct-17	15.66	15.72	15.59	15.69	"6584952"	15.69
5-Oct-17	15.66	15.72	15.59	15.69	"6584952"	15.69
4-Oct-17	15.87	15.88	15.58	15.66	"11600371"	15.66
3-Oct-17	15.73	15.73	15.73	15.73	"9122652"	15.73
2-Oct-17	15.81	15.81	15.73	15.73	"8122652"	15.73
29-Sep-17	15.72	15.78	15.66	15.78	"12606582"	15.78
28-Sep-17	15.75	15.76	15.64	15.7	"8976800"	15.7
27-Sep-17	15.75	15.76	15.65	15.7	"9914054"	15.7
26-Sep-17	15.62	15.73	15.57	15.73	"7447061"	15.73
25-Sep-17	15.48	15.7	15.45	15.61	"10051332"	15.61
22-Sep-17	15.26	15.63	15.21	15.46	"16206914"	15.46
21-Sep-17	15.74	15.76	15.27	15.34	"13028565"	15.34
20-Sep-17	15.75	15.81	15.66	15.68	"14818529"	15.68
19-Sep-17	15.11	15.73	15.02	15.56	"22888151"	15.56
18-Sep-17	15.08	15.19	15.01	15.09	"8637342"	15.09
15-Sep-17	14.99	15.05	14.93	15.01	"30390936"	15.01
14-Sep-17	15.02	15.03	14.9	14.99	"10293080"	14.99
13-Sep-17	15.06	15.13	14.95	15.01	"11379098"	15.01
12-Sep-17	15.2	15.2	15.06	15.11	"8092433"	15.11
11-Sep-17	15.11	15.18	15	15.15	"8543632"	15.15
8-Sep-17	15.06	15.08	14.99	15.03	"7158021"	15.03
7-Sep-17	15.04	15.15	14.95	15.09	"8283350"	15.09
6-Sep-17	14.94	15.09	14.81	15	"9742754"	15
5-Sep-17	15.14	15.15	14.93	15	"7664530"	15
4-Sep-17	15.01	15.13	15.01	15.09	"4168035"	15.09
1-Sep-17	15.2	15.22	15.02	15.11	"8050819"	15.11
31-Aug-17	15.2	15.23	15.13	15.16	"8163044"	15.16
30-Aug-17	15.19	15.23	15.09	15.12	"6765167"	15.12
29-Aug-17	15.19	15.21	14.85	15.1	"13061036"	15.1
28-Aug-17	15.24	15.32	15.18	15.26	"3850797"	15.26
25-Aug-17	15.42	15.45	15.28	15.3	"7376072"	15.3
24-Aug-17	15.45	15.54	15.38	15.38	"6226280"	15.38
23-Aug-17	15.56	15.62	15.41	15.43	"6444225"	15.43
22-Aug-17	15.49	15.61	15.44	15.56	"6011632"	15.56
21-Aug-17	15.46	15.56	15.38	15.43	"5384968"	15.43
18-Aug-17	15.5	15.63	15.47	15.51	"8515393"	15.51
17-Aug-17	15.6	15.65	15.53	15.56	"6591575"	15.56
16-Aug-17	15.79	15.79	15.61	15.61	"6662597"	15.61
15-Aug-17	15.8	15.81	15.67	15.69	"5318915"	15.69
14-Aug-17	15.6	15.81	15.55	15.77	"7042304"	15.77
11-Aug-17	15.63	15.63	15.45	15.5	"8119118"	15.5
10-Aug-17	15.88	15.88	15.56	15.63	"8485469"	15.63
9-Aug-17	15.85	15.9	15.75	15.85	"9814669"	15.85
8-Aug-17	15.94	16.04	15.77	15.98	"9012120"	15.98
7-Aug-17	15.81	15.95	15.77	15.94	"11582687"	15.94
4-Aug-17	15.55	15.78	15.44	15.75	"9164538"	15.75
3-Aug-17	15.72	15.81	15.53	15.56	"9997980"	15.56
2-Aug-17	15.57	15.65	15.43	15.53	"7231503"	15.53
1-Aug-17	15.53	15.69	15.41	15.6	"7958676"	15.6
31-Jul-17	15.54	15.66	15.4	15.44	"8733384"	15.44
28-Jul-17	15.56	15.65	15.45	15.56	"8686213"	15.56
27-Jul-17	15.5	15.81	15.49	15.65	"10275139"	15.65
26-Jul-17	15.46	15.61	15.42	15.52	"7402421"	15.52
25-Jul-17	15.5	15.62	15.43	15.47	"8572866"	15.47
24-Jul-17	15.6	15.63	15.45	15.53	"7266589"	15.53
21-Jul-17	15.73	15.89	15.48	15.57	"15425230"	15.57
20-Jul-17	15.94	15.99	15.66	15.73	"12724263"	15.73
19-Jul-17	15.61	15.69	15.53	15.65	"7139713"	15.65
18-Jul-17	15.69	15.78	15.5	15.56	"8824095"	15.56
17-Jul-17	15.85	15.91	15.73	15.73	"6099240"	15.73
14-Jul-17	15.96	15.98	15.77	15.84	"7560329"	15.84
13-Jul-17	15.89	16.08	15.86	15.94	"8575108"	15.94
12-Jul-17	15.69	15.92	15.68	15.85	"9630172"	15.85
11-Jul-17	15.76	15.78	15.6	15.65	"7184554"	15.65
10-Jul-17	15.65	15.77	15.57	15.69	"8597357"	15.69
7-Jul-17	15.52	15.59	15.45	15.57	"8745667"	15.57
6-Jul-17	15.58	15.67	15.48	15.55	"12893868"	15.55
5-Jul-17	15.64	15.72	15.55	15.56	"9134858"	15.56
4-Jul-17	15.78	15.81	15.68	15.68	"7688543"	15.68
3-Jul-17	15.87	15.87	15.72	15.82	"7936678"	15.82
30-Jun-17	15.88	16.05	15.69	15.72	"12395375"	15.72
29-Jun-17	16.25	16.27	15.85	15.9	"11725933"	15.9
28-Jun-17	16.13	16.32	16.08	16.25	"8814505"	16.25
27-Jun-17	16.07	16.35	15.96	16.24	"17335939"	16.24
26-Jun-17	16.73	16.82	16.62	16.62	"5177697"	16.62
23-Jun-17	16.64	16.75	16.6	16.66	"4665867"	16.66
22-Jun-17	16.75	16.77	16.53	16.69	"7182601"	16.09
21-Jun-17	16.81	16.89	16.68	16.78	"8969078"	16.18
20-Jun-17	16.85	16.93	16.78	16.79	"9574961"	16.19
19-Jun-17	16.8	16.91	16.77	16.81	"8782659"	16.2
16-Jun-17	16.45	16.73	16.43	16.69	"25497931"	16.09
15-Jun-17	16.65	16.65	16.31	16.4	"35376334"	15.81
14-Jun-17	16.88	17.03	16.8	16.8	"11484597"	16.19
13-Jun-17	16.95	16.98	16.81	16.88	"8659048"	16.27
12-Jun-17	17	17.06	16.86	16.95	"8629768"	16.35
9-Jun-17	17.06	17.27	17.06	17.13	"7832261"	16.51
8-Jun-17	17.28	17.33	17.08	17.09	"7181555"	16.48
7-Jun-17	17.18	17.36	17.13	17.31	"8712868"	16.68
6-Jun-17	17.3	17.36	17.19	17.23	"8048585"	16.61
5-Jun-17	17.38	17.38	17.38	17.38	"8038313"	16.76
2-Jun-17	17.41	17.43	17.26	17.38	"8035313"	16.76
1-Jun-17	17.19	17.4	17.15	17.28	"10565980"	16.66
31-May-17	17.84	17.98	17.73	17.73	"19162776"	16.51
30-May-17	17.86	17.98	17.73	17.78	"9982048"	16.56
29-May-17	17.9	17.95	17.75	17.94	"5850447"	16.71
26-May-17	17.85	17.93	17.74	17.91	"7080322"	16.68
25-May-17	17.89	17.93	17.7	17.85	"6352502"	16.63
24-May-17	17.95	18.04	17.81	17.84	"9665664"	16.62
23-May-17	18.04	18.15	17.98	18	"9975148"	16.77
22-May-17	17.86	18.07	17.81	18.05	"10646329"	16.81
19-May-17	17.45	17.84	17.39	17.8	"18520171"	16.58
18-May-17	17.45	17.57	17.26	17.39	"11610681"	16.19
17-May-17	17.55	17.67	17.42	17.47	"9977918"	16.27
16-May-17	17.55	17.67	17.51	17.65	"9875624"	16.44
15-May-17	17.63	17.66	17.33	17.48	"11700765"	16.28
12-May-17	16.8	17.55	16.8	17.53	"28413467"	16.33
11-May-17	16.91	16.93	16.69	16.72	"9350643"	15.57
10-May-17	16.75	16.94	16.7	16.85	"9521446"	15.7
9-May-17	16.85	16.93	16.81	16.85	"7560341"	15.7
8-May-17	16.69	16.88	16.64	16.81	"12589938"	15.66
5-May-17	16.5	16.61	16.4	16.61	"9335901"	15.47
4-May-17	16.43	16.55	16.38	16.53	"8943563"	15.4
3-May-17	16.29	16.47	16.26	16.41	"7595394"	15.28
2-May-17	16.1	16.32	16.08	16.3	"10671639"	15.18
28-Apr-17	16.16	16.17	16.02	16.1	"11517264"	15
27-Apr-17	16.41	16.44	16.16	16.18	"9445152"	15.08
26-Apr-17	16.42	16.54	16.4	16.4	"7248069"	15.28
25-Apr-17	16.4	16.48	16.31	16.46	"8590607"	15.33
24-Apr-17	16.15	16.38	16.15	16.35	"15136355"	15.23
21-Apr-17	15.94	15.97	15.84	15.93	"11309211"	14.84
20-Apr-17	15.9	16.03	15.85	15.91	"8376146"	14.82
19-Apr-17	16	16	15.89	15.96	"7065685"	14.87
18-Apr-17	16.06	16.15	15.97	15.98	"7307626"	14.88
13-Apr-17	16.14	16.17	16	16.06	"7399781"	14.95
12-Apr-17	16.15	16.25	16.06	16.14	"7312474"	15.03
11-Apr-17	16.14	16.25	16.05	16.15	"7423466"	15.04
10-Apr-17	16.2	16.25	16.12	16.2	"4623506"	15.09
7-Apr-17	16.12	16.19	16.07	16.18	"7216313"	15.07
6-Apr-17	16.19	16.25	16.11	16.23	"6763283"	15.12
5-Apr-17	16.39	16.41	16.23	16.25	"8040313"	15.14
4-Apr-17	16.42	16.42	16.33	16.37	"6026978"	15.25
3-Apr-17	16.52	16.59	16.4	16.4	"7217907"	15.28
31-Mar-17	16.25	16.47	16.18	16.42	"13003156"	15.3
30-Mar-17	16.33	16.34	16.13	16.27	"8678618"	15.16
29-Mar-17	16.36	16.41	16.27	16.36	"8048842"	15.24
28-Mar-17	16.23	16.34	16.15	16.32	"6359296"	15.2
27-Mar-17	16.05	16.2	16.05	16.18	"6950603"	15.08
24-Mar-17	16.1	16.21	16.05	16.15	"6825834"	15.04
23-Mar-17	15.97	16.15	15.87	16.13	"6577905"	15.02
22-Mar-17	15.89	16.04	15.85	15.95	"7086220"	14.86
21-Mar-17	16	16.09	15.87	15.95	"7945084"	14.86
20-Mar-17	16.07	16.13	15.97	16	"5430025"	14.9
17-Mar-17	15.99	16.17	15.9	16.1	"15320088"	15
16-Mar-17	16.17	16.18	16.01	16.07	"10096966"	14.97
15-Mar-17	16.05	16.07	15.96	15.99	"4655338"	14.89
14-Mar-17	15.95	16.05	15.9	16.02	"5992871"	14.92
13-Mar-17	16.05	16.06	15.91	15.98	"6517990"	14.89
10-Mar-17	16.1	16.19	16.03	16.08	"6333211"	14.98
9-Mar-17	15.86	16.14	15.82	16.07	"8593109"	14.97
8-Mar-17	15.97	16.03	15.86	15.96	"6148677"	14.87
7-Mar-17	16.02	16.07	15.98	16.05	"5584565"	14.94
6-Mar-17	16.1	16.14	15.99	16.04	"7034725"	14.94
3-Mar-17	16.18	16.28	16.11	16.17	"9917207"	15.06
2-Mar-17	16.29	16.33	16.1	16.27	"12964486"	15.16
1-Mar-17	16.44	16.49	16.26	16.47	"10104600"	15.34
28-Feb-17	16.37	16.44	16.27	16.31	"6784860"	15.19
27-Feb-17	16.42	16.47	16.28	16.33	"6027204"	15.21
24-Feb-17	16.5	16.67	16.31	16.43	"8992785"	15.3
23-Feb-17	16.5	16.58	16.45	16.49	"6228761"	15.35
22-Feb-17	16.33	16.5	16.3	16.49	"10205335"	15.35
21-Feb-17	16.23	16.35	16.18	16.3	"7532966"	15.18
20-Feb-17	16.1	16.42	16.09	16.25	"12507363"	15.14
17-Feb-17	15.9	15.98	15.82	15.86	"8055998"	14.77
16-Feb-17	15.86	15.98	15.86	15.94	"7361569"	14.84
15-Feb-17	15.91	15.95	15.8	15.89	"8009188"	14.8
14-Feb-17	15.85	15.92	15.78	15.8	"7733289"	14.71
13-Feb-17	15.97	16.01	15.82	15.86	"8513883"	14.78
10-Feb-17	16.05	16.08	15.91	15.95	"7409204"	14.86
9-Feb-17	15.84	16.01	15.73	15.93	"9542375"	14.84
8-Feb-17	15.77	15.82	15.63	15.77	"8972554"	14.68
7-Feb-17	15.78	15.85	15.65	15.7	"7760499"	14.62
6-Feb-17	15.92	16.03	15.78	15.82	"10222413"	14.74
3-Feb-17	15.9	16.05	15.87	15.99	"6085523"	14.9
2-Feb-17	15.96	16.05	15.88	15.93	"7006478"	14.84
1-Feb-17	16.18	16.23	15.97	16.02	"10879331"	14.93
31-Jan-17	16.24	16.33	16.16	16.16	"7848683"	15.05
30-Jan-17	16.3	16.35	16.17	16.26	"6156570"	15.15
27-Jan-17	16.42	16.45	16.31	16.35	"5991210"	15.23
26-Jan-17	16.39	16.49	16.28	16.46	"9052003"	15.33
25-Jan-17	16.31	16.33	16.06	16.33	"11444416"	15.21
24-Jan-17	16.32	16.35	16.06	16.19	"11835659"	15.08
23-Jan-17	16.53	16.54	16.29	16.32	"7327884"	15.2
20-Jan-17	16.23	16.45	16.23	16.42	"12345678"	15.3
19-Jan-17	16.31	16.32	16.09	16.22	"8748322"	15.11
18-Jan-17	16.26	16.33	16.2	16.28	"6166882"	15.16
17-Jan-17	16.22	16.31	16.08	16.25	"6412602"	15.14
16-Jan-17	16.25	16.33	16.18	16.25	"4629061"	15.14
13-Jan-17	16.23	16.36	16.17	16.35	"6525549"	15.23
12-Jan-17	16.19	16.24	16.01	16.24	"11429327"	15.12
11-Jan-17	16.4	16.55	16.27	16.36	"9500115"	15.24
10-Jan-17	16.23	16.3	16.08	16.25	"9147763"	15.13
9-Jan-17	16.55	16.57	16.26	16.39	"8138696"	15.27
6-Jan-17	16.58	16.64	16.41	16.55	"7530013"	15.42
5-Jan-17	16.44	16.63	16.41	16.61	"7221612"	15.47
4-Jan-17	16.38	16.59	16.33	16.56	"9135720"	15.42
3-Jan-17	16.48	16.49	16.31	16.36	"7079500"	15.24
2-Jan-17	16.26	16.46	16.23	16.42	"5887148"	15.3
30-Dec-16	16.32	16.35	16.23	16.35	"5564837"	15.23
29-Dec-16	16.08	16.33	16.07	16.3	"5887236"	15.18
28-Dec-16	16.18	16.21	16.11	16.17	"4233709"	15.06
27-Dec-16	16.12	16.22	16.09	16.19	"2482943"	15.08
23-Dec-16	16.09	16.15	16.06	16.12	"4057624"	15.01
22-Dec-16	16.02	16.1	15.94	16.07	"5554493"	14.96
21-Dec-16	16.12	16.19	16.01	16.07	"5518748"	14.96
20-Dec-16	16.09	16.17	16.07	16.16	"8374712"	15.05
19-Dec-16	15.99	16.12	15.97	16.08	"9055582"	14.97
16-Dec-16	15.95	16.04	15.88	16	"22736684"	14.9
15-Dec-16	15.9	16.02	15.8	15.95	"14894212"	14.86
14-Dec-16	15.81	15.95	15.79	15.86	"8855509"	14.77
13-Dec-16	15.72	15.94	15.68	15.88	"11717536"	14.79
12-Dec-16	15.7	15.78	15.56	15.65	"8244592"	14.57
9-Dec-16	15.6	15.77	15.53	15.73	"9561980"	14.66
8-Dec-16	15.38	15.77	15.37	15.64	"19545746"	14.56
7-Dec-16	15.24	15.3	15.14	15.26	"11033217"	14.21
6-Dec-16	15	15.1	14.94	15.06	"10580963"	14.03
5-Dec-16	14.65	14.98	14.64	14.9	"12081874"	13.88
2-Dec-16	14.55	14.8	14.47	14.73	"10611760"	13.72
1-Dec-16	14.78	14.79	14.59	14.65	"10577386"	13.64
30-Nov-16	14.78	14.99	14.76	14.86	"14856655"	13.85
29-Nov-16	14.68	14.83	14.59	14.78	"7824614"	13.77
28-Nov-16	14.71	14.82	14.59	14.66	"6773031"	13.65
25-Nov-16	14.72	14.82	14.63	14.77	"5286478"	13.76
24-Nov-16	14.67	14.74	14.54	14.71	"5261216"	13.7
23-Nov-16	14.68	14.8	14.63	14.66	"10464478"	13.66
22-Nov-16	14.44	14.69	14.43	14.65	"12027251"	13.65
21-Nov-16	14.48	14.5	14.31	14.41	"6234179"	13.42
18-Nov-16	14.64	14.65	14.4	14.41	"11495139"	13.42
17-Nov-16	14.44	14.6	14.43	14.52	"10728899"	13.52
16-Nov-16	14.44	14.52	14.35	14.4	"7608138"	13.42
15-Nov-16	14.35	14.51	14.33	14.39	"8310137"	13.4
14-Nov-16	14.51	14.55	14.27	14.31	"9242267"	13.33
11-Nov-16	14.36	14.51	14.32	14.37	"11647790"	13.38
10-Nov-16	14.86	14.93	14.15	14.28	"21198714"	13.31
9-Nov-16	14.23	14.55	14.17	14.55	"17168257"	13.55
8-Nov-16	14.45	14.56	14.4	14.56	"7668122"	13.56
7-Nov-16	14.55	14.56	14.35	14.5	"9265178"	13.51
4-Nov-16	14.46	14.48	14.34	14.35	"9199282"	13.37
3-Nov-16	14.46	14.56	14.37	14.47	"6658517"	13.47
2-Nov-16	14.45	14.67	14.45	14.49	"7702489"	13.5
1-Nov-16	14.89	14.92	14.6	14.65	"6858215"	13.65
31-Oct-16	14.9	14.9	14.8	14.85	"7299848"	13.83
28-Oct-16	14.93	14.97	14.8	14.91	"6798360"	13.89
27-Oct-16	15.07	15.23	14.88	15.02	"11229384"	13.99
26-Oct-16	15.13	15.2	14.94	15.07	"8747386"	14.04