Date	Open	High	Low	Close	Volume	Adj Close
25-Oct-17	71.15	71.34	70.43	70.65	"933171"	70.65
24-Oct-17	71.54	71.89	71.02	71.42	"857836"	71.42
23-Oct-17	71.22	71.86	71.2	71.5	"884267"	71.5
20-Oct-17	70.85	71.17	70.63	71.17	"1142788"	71.17
19-Oct-17	70.69	70.95	70.27	70.58	"917345"	70.58
18-Oct-17	70.16	70.91	69.97	70.53	"769262"	70.53
17-Oct-17	69.89	70.43	69.65	70.13	"855849"	70.13
16-Oct-17	69.66	70.11	69.52	70.1	"729914"	70.1
13-Oct-17	69.73	69.85	69.16	69.45	"822818"	69.45
12-Oct-17	69.6	69.6	69.02	69.55	"878076"	69.55
11-Oct-17	69.16	69.6	68.96	69.55	"986652"	69.55
10-Oct-17	69.62	69.69	68.5	69	"1097584"	69
9-Oct-17	70.53	70.61	69.83	69.86	"646738"	69.86
6-Oct-17	71.1	71.12	70.4	70.65	"1216517"	70.65
5-Oct-17	71.1	71.12	70.4	70.65	"1216517"	70.65
4-Oct-17	69.3	71.31	69.25	71.31	"2056634"	71.31
3-Oct-17	68.77	68.77	68.77	68.77	"1039676"	68.77
2-Oct-17	68.7	68.79	68.43	68.77	"1039676"	68.77
29-Sep-17	68.22	68.43	68.08	68.25	"1735539"	68.25
28-Sep-17	67.72	68.28	67.57	68.09	"1209637"	68.09
27-Sep-17	68	68.12	67.44	67.5	"1032332"	67.5
26-Sep-17	67.94	68.16	67.49	67.93	"1036548"	67.93
25-Sep-17	67.62	68.23	67.48	68.11	"955064"	68.11
22-Sep-17	68	68.32	67.72	67.72	"1465760"	67.72
21-Sep-17	68.95	69	68.01	68.08	"1199581"	68.08
20-Sep-17	69.44	69.6	68.71	68.75	"1011823"	68.75
19-Sep-17	69.88	69.9	69.14	69.68	"1213948"	69.68
18-Sep-17	70.32	70.53	69.71	69.81	"621349"	69.81
15-Sep-17	70	70.62	69.62	69.91	"2725071"	69.91
14-Sep-17	70.06	70.69	69.86	70.17	"1207559"	70.17
13-Sep-17	70.01	70.56	69.75	70.45	"1292070"	70.45
12-Sep-17	70.63	70.84	70.22	70.3	"1244999"	70.3
11-Sep-17	70.89	70.89	70.36	70.49	"1059109"	70.49
8-Sep-17	70.19	70.4	70.04	70.25	"1018718"	70.25
7-Sep-17	71.65	71.65	70.49	70.57	"1522980"	70.57
6-Sep-17	70.5	71.69	70.09	71.24	"980827"	71.24
5-Sep-17	70.76	71.35	70.43	70.7	"781046"	70.7
4-Sep-17	70.59	70.81	70.36	70.55	"593995"	70.55
1-Sep-17	71.39	71.82	71.2	71.3	"765872"	71.3
31-Aug-17	70.93	71.25	70.56	71.09	"1154017"	71.09
30-Aug-17	71.27	71.32	70.16	70.39	"985760"	70.39
29-Aug-17	70.54	71.02	70.02	70.99	"1411322"	70.99
28-Aug-17	70.5	71.34	70.32	71.1	"656032"	71.1
25-Aug-17	71.7	71.7	70.91	71.09	"936690"	71.09
24-Aug-17	70.8	71.97	70.72	71.44	"1524284"	71.44
23-Aug-17	70.47	71.07	70.26	70.65	"1445328"	70.65
22-Aug-17	68.75	70.41	68.74	70.41	"1673068"	70.41
21-Aug-17	68.35	68.79	67.69	68.29	"1024562"	68.29
18-Aug-17	69.32	69.42	68.3	68.7	"1365056"	68.7
17-Aug-17	69.38	69.98	69.33	69.7	"769317"	69.7
16-Aug-17	69.76	70.18	69.41	69.59	"882146"	69.59
15-Aug-17	69.2	69.48	68.99	69.24	"619421"	69.24
14-Aug-17	68.99	69.18	68.65	69.02	"1022586"	69.02
11-Aug-17	67.28	68.67	67.16	68.35	"1472653"	68.35
10-Aug-17	68.24	68.38	67.19	67.23	"1272820"	67.23
9-Aug-17	68.74	68.74	67.92	68.11	"1646109"	68.11
8-Aug-17	68.65	69.37	68.26	69.16	"1206693"	69.16
7-Aug-17	70.1	70.15	68.55	68.64	"1346873"	68.64
4-Aug-17	69.39	70.04	68.77	69.95	"1495165"	69.95
3-Aug-17	70.19	70.19	69	69.5	"1504839"	69.5
2-Aug-17	72.78	73.16	70.25	70.32	"1705542"	70.32
1-Aug-17	72	73.55	70.65	72.87	"1778252"	72.87
31-Jul-17	72.05	72.71	71.43	71.43	"1071936"	71.43
28-Jul-17	72.83	72.84	72.15	72.25	"988162"	72.25
27-Jul-17	72.78	73.43	72.16	73.26	"1126748"	73.26
26-Jul-17	73.4	73.48	72.73	73.04	"1190239"	73.04
25-Jul-17	73.62	74.06	73.25	73.61	"834243"	73.61
24-Jul-17	73.32	73.61	72.94	73.46	"995481"	73.46
21-Jul-17	74.69	75.26	73.29	73.46	"1786269"	73.46
20-Jul-17	75.49	75.82	74.64	74.83	"922988"	74.83
19-Jul-17	75.35	75.58	75.1	75.23	"797124"	75.23
18-Jul-17	75.53	76.06	74.91	75.04	"869544"	75.04
17-Jul-17	76.25	76.39	75.52	75.86	"453914"	75.86
14-Jul-17	76.13	76.68	75.73	76.23	"649107"	76.23
13-Jul-17	76.58	76.76	75.79	75.99	"758395"	75.99
12-Jul-17	75.04	76.61	74.85	76.44	"1155497"	76.44
11-Jul-17	75.18	75.25	74.48	74.9	"1093353"	74.9
10-Jul-17	75.07	75.35	74.64	74.84	"602737"	74.84
7-Jul-17	74.76	74.78	74.11	74.72	"747060"	74.72
6-Jul-17	76.43	76.43	74.68	74.9	"1194347"	74.9
5-Jul-17	75.06	76.11	74.7	75.97	"1269610"	75.97
4-Jul-17	75.13	75.5	74.95	75.2	"779720"	75.2
3-Jul-17	75.51	75.79	75.38	75.44	"757666"	75.44
30-Jun-17	75.08	75.81	73.83	75.06	"1403764"	75.06
29-Jun-17	76.76	77.36	75.06	75.2	"1459802"	75.2
28-Jun-17	76.7	76.96	76.01	76.6	"1158714"	76.6
27-Jun-17	77.9	78.09	77.01	77.2	"720962"	77.2
26-Jun-17	78.6	78.94	77.96	78.13	"621528"	78.13
23-Jun-17	78.61	78.84	78.05	78.24	"585455"	78.24
22-Jun-17	78.61	78.98	78.06	78.94	"737941"	78.94
21-Jun-17	78.88	78.96	78.18	78.33	"793041"	78.33
20-Jun-17	79.8	80.07	79.07	79.07	"983511"	79.07
19-Jun-17	79.78	80	79.12	79.65	"942410"	79.65
16-Jun-17	78.54	79.37	78.54	79.34	"2376219"	79.34
15-Jun-17	78.62	78.84	77.6	78.33	"1236779"	78.33
14-Jun-17	77.8	79.09	77.8	78.68	"1170222"	78.68
13-Jun-17	77.23	77.79	77.01	77.79	"764535"	77.79
12-Jun-17	77.73	77.8	76.63	76.86	"883413"	76.86
9-Jun-17	76.42	77.86	76.19	77.76	"898831"	77.76
8-Jun-17	76.04	77.35	75.95	76.76	"887049"	76.76
7-Jun-17	76	76.71	75.91	76.07	"945953"	76.07
6-Jun-17	76.33	76.4	75.54	76.18	"1103991"	76.18
5-Jun-17	76.81	76.81	76.81	76.81	"940912"	76.81
2-Jun-17	76.39	76.82	76.29	76.81	"940912"	76.81
1-Jun-17	76.14	76.43	75.99	76.39	"1018587"	76.39
31-May-17	75.45	76.8	75.45	76.21	"1329770"	76.21
30-May-17	75.92	76.1	75.41	75.5	"890768"	75.5
29-May-17	76.13	76.37	76.1	76.29	"276550"	76.29
26-May-17	75.68	76.45	75.68	76.34	"767574"	76.34
25-May-17	76.42	76.47	75.49	75.86	"507094"	75.86
24-May-17	75.75	76.14	75.56	76.13	"721327"	76.13
23-May-17	75.68	76.14	75.54	75.81	"752804"	75.81
22-May-17	76.28	76.39	75.44	75.98	"783184"	75.98
19-May-17	76.25	76.42	75.83	76.04	"1275095"	76.04
18-May-17	76.72	77.17	76.03	76.28	"1260976"	76.28
17-May-17	77.74	78.18	76.28	76.57	"985696"	76.57
16-May-17	78.2	78.46	77.4	78.08	"946351"	78.08
15-May-17	78.96	79.02	77.49	78.27	"999403"	78.27
12-May-17	78.61	79.49	78.25	79.49	"957777"	78.87
11-May-17	78.6	78.78	77.97	78.33	"805717"	77.72
10-May-17	78.73	78.98	78.26	78.52	"947242"	77.91
9-May-17	78.62	79.23	77.97	79.02	"918638"	78.4
8-May-17	79.26	79.35	78.05	78.42	"844416"	77.81
5-May-17	78.69	79.08	78.42	78.89	"1133232"	78.27
4-May-17	77.8	78.83	77.19	78.83	"1221127"	78.22
3-May-17	78	78.69	77.2	77.49	"1865928"	76.89
2-May-17	74.41	75.53	74.41	75.53	"1294413"	74.94
28-Apr-17	75.22	75.22	74.3	74.41	"1217116"	73.83
27-Apr-17	74.45	75.45	74.4	75.27	"1016542"	74.68
26-Apr-17	73.66	74.73	73.5	74.33	"1076421"	73.75
25-Apr-17	75.73	76.19	74.28	74.39	"1510342"	73.81
24-Apr-17	74.68	75.55	74.52	75.55	"1606031"	74.96
21-Apr-17	73.84	74.03	73.35	73.55	"1537319"	72.98
20-Apr-17	74	74.48	73.85	73.98	"843107"	73.4
19-Apr-17	75	75	74	74.31	"749044"	73.73
18-Apr-17	74.92	75.9	74.64	74.73	"855546"	74.15
13-Apr-17	75.24	75.39	74.81	74.92	"769923"	74.34
12-Apr-17	74.95	75.49	74.5	75.16	"638538"	74.57
11-Apr-17	75.1	75.26	74.51	74.98	"978375"	74.4
10-Apr-17	74.9	75.5	74.71	75.3	"840244"	74.71
7-Apr-17	73.85	74.76	73.85	74.68	"833057"	74.1
6-Apr-17	73.91	74.64	73.53	74.49	"804249"	73.91
5-Apr-17	75.1	75.1	74.43	74.43	"910615"	73.85
4-Apr-17	74.72	75.18	74.54	75.07	"739012"	74.48
3-Apr-17	75.62	75.72	74.84	74.84	"924047"	74.26
31-Mar-17	74.44	75.33	74.29	75.33	"1129111"	74.74
30-Mar-17	74.47	74.79	74.35	74.6	"696516"	74.02
29-Mar-17	74.03	74.73	73.61	74.59	"863508"	74.01
28-Mar-17	73.46	73.99	72.89	73.9	"862274"	73.32
27-Mar-17	73.23	73.45	72.88	73.19	"929009"	72.62
24-Mar-17	73.62	73.97	73.36	73.81	"732944"	73.23
23-Mar-17	72.97	73.89	72.55	73.77	"737590"	73.19
22-Mar-17	72.37	73.31	72.02	72.93	"977594"	72.36
21-Mar-17	75	75.43	72.72	72.95	"1714045"	72.38
20-Mar-17	75.25	75.77	75.12	75.52	"627540"	74.93
17-Mar-17	74.62	75.4	74.38	75.4	"2143905"	74.81
16-Mar-17	75.58	75.58	74.33	74.56	"1037443"	73.98
15-Mar-17	74.75	74.89	74.39	74.72	"681283"	74.14
14-Mar-17	74.52	74.78	74.03	74.45	"724891"	73.87
13-Mar-17	74.25	74.84	73.96	74.7	"755906"	74.12
10-Mar-17	74.73	75.06	74.1	74.13	"852978"	73.55
9-Mar-17	74.16	74.93	73.87	74.5	"909182"	73.92
8-Mar-17	74.17	74.98	73.59	74.53	"845173"	73.95
7-Mar-17	75.45	75.47	74.39	74.61	"869446"	74.03
6-Mar-17	75.56	75.69	74.98	75.38	"566138"	74.79
3-Mar-17	75.67	75.98	75.26	75.96	"854958"	75.37
2-Mar-17	76.25	76.32	75.5	76.01	"787487"	75.42
1-Mar-17	75.31	76.18	74.86	76.16	"1135109"	75.57
28-Feb-17	75.62	75.82	74.81	75.02	"942560"	74.43
27-Feb-17	76	76.21	75.02	75.43	"732624"	74.84
24-Feb-17	76.56	76.56	75.01	75.67	"1357012"	75.08
23-Feb-17	77.14	77.45	76.55	76.62	"1041003"	76.02
22-Feb-17	76	77.45	74.89	76.98	"1764785"	76.38
21-Feb-17	75.27	75.88	74.76	75.79	"1407151"	75.2
20-Feb-17	75.84	76.1	75.46	75.64	"660962"	75.05
17-Feb-17	75.13	75.29	74.78	75.24	"959110"	74.65
16-Feb-17	74.92	75.52	74.78	75.27	"916351"	74.68
15-Feb-17	75.29	75.39	74.63	74.98	"719610"	74.4
14-Feb-17	75.05	75.26	74.39	74.88	"942810"	74.3
13-Feb-17	74.74	75.34	74.66	74.99	"766452"	74.41
10-Feb-17	74.94	74.99	74.28	74.64	"820437"	74.06
9-Feb-17	73.67	74.75	73.67	74.55	"994134"	73.97
8-Feb-17	73.23	73.6	73.12	73.46	"968636"	72.89
7-Feb-17	72.85	73.9	72.8	73.11	"870053"	72.54
6-Feb-17	73.53	74.03	72.62	72.83	"1316686"	72.26
3-Feb-17	74.22	74.53	73.76	73.81	"871612"	73.23
2-Feb-17	73.25	74.39	73.22	74.08	"870622"	73.5
1-Feb-17	73.15	73.92	73.02	73.59	"1088944"	73.02
31-Jan-17	73.82	73.96	72.85	72.93	"1281666"	72.36
30-Jan-17	74.48	75.07	73.65	73.96	"808019"	73.38
27-Jan-17	74.73	74.73	73.74	74.7	"870707"	74.12
26-Jan-17	74.26	75.03	73.98	74.68	"1096571"	74.1
25-Jan-17	73.7	74	73.15	73.72	"982001"	73.15
24-Jan-17	73.8	73.92	73.05	73.19	"835482"	72.62
23-Jan-17	73.55	74.02	73.44	73.75	"941464"	73.17
20-Jan-17	73.66	74.53	73.19	74.24	"1475172"	73.66
19-Jan-17	74.28	74.28	73.36	73.87	"1040603"	73.29
18-Jan-17	73.82	74.47	73.82	74.42	"1081285"	73.84
17-Jan-17	73.85	74.6	73.55	73.82	"843793"	73.24
16-Jan-17	72.97	74.29	72.92	74.05	"882435"	73.47
13-Jan-17	73.01	73.5	72.6	73.33	"920923"	72.76
12-Jan-17	72.61	72.7	71.95	72.63	"855402"	72.06
11-Jan-17	73.19	73.81	72.48	73.14	"909249"	72.57
10-Jan-17	72.6	73.45	72.01	73.12	"1130840"	72.55
9-Jan-17	74.45	74.5	71.54	72.43	"2057512"	71.87
6-Jan-17	74.2	74.94	74.03	74.88	"658607"	74.3
5-Jan-17	74.23	74.95	74.1	74.56	"903851"	73.98
4-Jan-17	74.11	74.75	73.88	74.57	"956263"	73.99
3-Jan-17	74.94	74.99	73.68	73.88	"1066587"	73.3
2-Jan-17	74.07	74.94	74.02	74.77	"685796"	74.19
30-Dec-16	73.92	74.44	73.75	74.26	"758245"	73.68
29-Dec-16	73.6	74.22	73.6	73.88	"572878"	73.3
28-Dec-16	73.9	74.26	73.47	73.9	"604423"	73.32
27-Dec-16	73.54	74.15	73.51	73.7	"356887"	73.13
23-Dec-16	73.41	73.7	73.16	73.54	"512960"	72.97
22-Dec-16	73	73.74	72.95	73.52	"772048"	72.95
21-Dec-16	72.64	73.08	72.54	73	"758680"	72.43
20-Dec-16	72.54	72.97	72.42	72.82	"1089420"	72.25
19-Dec-16	72.1	72.59	71.55	72.39	"944589"	71.83
16-Dec-16	71.11	72.38	70.74	72.07	"3465345"	71.51
15-Dec-16	70.38	71.38	70.19	71.29	"1858912"	70.73
14-Dec-16	71.22	71.38	70.1	70.17	"1190224"	69.62
13-Dec-16	70.33	71.46	70.31	71.44	"1091815"	70.88
12-Dec-16	70.4	70.51	69.28	70.4	"946805"	69.85
9-Dec-16	68.88	71.08	68.53	70.38	"1860403"	69.83
8-Dec-16	68.03	68.6	66.98	68.56	"1502577"	68.03
7-Dec-16	68.8	68.9	67.71	67.9	"1281607"	67.37
6-Dec-16	67.81	68.44	67.51	68.37	"869701"	67.84
5-Dec-16	66.52	68.8	66.52	67.91	"1165787"	67.38
2-Dec-16	66.4	67.25	65.66	66.98	"982441"	66.46
1-Dec-16	67.39	67.48	66.38	66.88	"1357529"	66.36
30-Nov-16	68.12	68.32	67.75	67.75	"1177552"	67.22
29-Nov-16	67.13	68.32	66.7	68.32	"1073888"	67.79
28-Nov-16	67.25	67.89	66.94	67.06	"1220419"	66.54
25-Nov-16	66.99	67.45	66.63	67.12	"674216"	66.6
24-Nov-16	65.77	66.89	65.31	66.8	"768000"	66.28
23-Nov-16	66.3	66.53	64.98	65.6	"1226530"	65.09
22-Nov-16	67.05	67.24	65.98	66.05	"1005252"	65.53
21-Nov-16	67.07	67.24	65.87	67.09	"999498"	66.57
18-Nov-16	67.72	67.89	66.83	66.92	"1051284"	66.4
17-Nov-16	66.8	67.35	66.14	67.13	"1131958"	66.61
16-Nov-16	67.41	67.5	66.54	67.15	"1007200"	66.63
15-Nov-16	67.14	67.37	66.02	67.3	"1344593"	66.78
14-Nov-16	68.34	68.95	67.06	67.17	"1127255"	66.65
11-Nov-16	68.48	68.56	67.42	68.02	"1067112"	67.49
10-Nov-16	70.8	71.11	68.02	68.3	"2327756"	67.77
9-Nov-16	65.2	70.74	64.97	70.74	"3827263"	70.19
8-Nov-16	66.02	66.16	65.79	66.05	"828732"	65.53
7-Nov-16	65.88	66.18	65.51	66.09	"1130701"	65.57
4-Nov-16	65.88	65.92	64.65	64.9	"1383097"	64.39
3-Nov-16	66.01	66.39	65.73	66.12	"959618"	65.6
2-Nov-16	65.17	66.73	63.62	66.1	"1429289"	65.58
1-Nov-16	67.34	67.43	65.51	65.59	"1335062"	65.08
31-Oct-16	67.45	67.86	66.9	67.24	"1247156"	66.72
28-Oct-16	68.7	69.3	67.4	67.48	"1666173"	66.95
27-Oct-16	68.43	70.25	67.16	69.81	"1305529"	69.27
26-Oct-16	68.29	68.64	67.91	68.37	"986083"	67.84