Date	Open	High	Low	Close	Volume	Adj Close
25-Oct-17	86.14	87.09	85.84	86.05	"635050"	86.05
24-Oct-17	85.87	86.85	85.66	86.33	"481170"	86.33
23-Oct-17	84.97	86	84.72	85.66	"510530"	85.66
20-Oct-17	84.43	85.22	84.33	84.91	"812487"	84.91
19-Oct-17	84.04	84.4	83.11	83.94	"516829"	83.94
18-Oct-17	82.62	84.22	82.48	83.88	"672140"	83.88
17-Oct-17	84.49	84.52	83.92	84.01	"633967"	84.01
16-Oct-17	85.95	86.12	84.55	84.66	"527886"	84.66
13-Oct-17	86.1	86.29	85.69	85.69	"330563"	85.69
12-Oct-17	86	86.08	84.9	85.89	"515470"	85.89
11-Oct-17	86.05	86.4	85.66	85.96	"389688"	85.96
10-Oct-17	84.81	85.64	84.74	85.61	"408858"	85.61
9-Oct-17	85.73	85.94	84.75	84.83	"365028"	84.83
6-Oct-17	85.32	86.1	84.96	85.95	"455287"	85.95
5-Oct-17	85.32	86.1	84.96	85.95	"455287"	85.95
4-Oct-17	86.47	86.47	85.23	85.45	"534908"	85.45
3-Oct-17	85.75	85.75	85.75	85.75	"623082"	85.75
2-Oct-17	87.2	87.3	85.66	85.75	"623038"	85.75
29-Sep-17	86.83	87.09	86.46	86.97	"590012"	86.97
28-Sep-17	85.85	86.68	85.68	86.52	"421870"	86.52
27-Sep-17	84.4	86.04	84.32	85.79	"1000332"	85.79
26-Sep-17	83.39	83.89	82.9	83.88	"510433"	83.88
25-Sep-17	85.24	85.67	83.54	83.7	"806353"	83.7
22-Sep-17	85.03	85.97	85	85.3	"491696"	85.3
21-Sep-17	84	85.93	83.76	85.39	"847327"	85.39
20-Sep-17	84.2	84.39	83.4	83.91	"597037"	83.91
19-Sep-17	82.49	83.49	81.89	83.27	"719904"	83.27
18-Sep-17	83.08	83.31	82.45	82.61	"268105"	82.61
15-Sep-17	82.31	82.64	82.04	82.51	"818257"	82.51
14-Sep-17	82.12	82.5	81.91	82.37	"456725"	82.37
13-Sep-17	82.7	83.1	82.37	82.41	"440271"	82.41
12-Sep-17	83.5	83.65	82.58	82.82	"491933"	82.82
11-Sep-17	83	83.65	82.87	83.01	"580200"	83.01
8-Sep-17	81.43	82.48	81.26	82.27	"593096"	82.27
7-Sep-17	82	82.1	81.42	81.53	"533747"	81.53
6-Sep-17	80.71	81.29	80.32	80.92	"403796"	80.92
5-Sep-17	81.56	81.91	81.03	81.15	"386000"	81.15
4-Sep-17	80.96	81.56	80.88	81.31	"391410"	81.31
1-Sep-17	81.04	81.97	80.96	81.37	"661093"	81.37
31-Aug-17	80.53	81.3	80.28	80.65	"968094"	80.65
30-Aug-17	79.55	80.05	78.73	78.84	"686911"	78.84
29-Aug-17	78.51	78.6	76.94	77.62	"909535"	77.62
28-Aug-17	79.24	79.29	78.61	78.94	"303982"	78.94
25-Aug-17	80.36	80.81	79.63	79.63	"340891"	79.63
24-Aug-17	80.25	80.92	80.02	80.14	"360482"	80.14
23-Aug-17	80.9	81.17	79.99	80.17	"482806"	80.17
22-Aug-17	79.83	81.27	79.73	80.97	"529759"	80.97
21-Aug-17	79.25	79.75	78.91	79.44	"311791"	79.44
18-Aug-17	79.85	80.01	79.35	79.63	"622375"	79.63
17-Aug-17	81.15	81.2	80.26	80.58	"511995"	80.58
16-Aug-17	80.78	82.06	80.69	81.75	"587926"	81.75
15-Aug-17	80.64	80.97	80.06	80.43	"395440"	80.43
14-Aug-17	80.21	81	79.72	80.5	"520166"	80.5
11-Aug-17	78.71	79.85	78.2	79.48	"672852"	79.48
10-Aug-17	80.28	80.45	78.61	78.94	"815365"	78.94
9-Aug-17	81.07	81.15	79.71	80.25	"812871"	80.25
8-Aug-17	82.61	82.61	81.36	81.63	"733154"	81.63
7-Aug-17	83.5	83.55	82.41	82.83	"426024"	82.83
4-Aug-17	81.9	83.92	81.5	83.3	"640750"	83.3
3-Aug-17	82.1	82.72	81.55	82.1	"684365"	82.1
2-Aug-17	83.89	84.06	81.96	82.38	"1137107"	82.38
1-Aug-17	82.15	85.79	82.14	85	"1023813"	85
31-Jul-17	83.86	84.13	83.2	83.82	"588200"	83.82
28-Jul-17	84.25	84.32	82.68	83.92	"582681"	83.92
27-Jul-17	85.48	85.84	84.39	84.54	"608896"	84.54
26-Jul-17	85.69	86.99	85.2	85.68	"538926"	85.68
25-Jul-17	84.81	85.84	84.69	85.7	"433895"	85.7
24-Jul-17	84.7	84.76	83.7	84.62	"514639"	84.62
21-Jul-17	85.86	86.29	84.07	84.62	"904395"	84.62
20-Jul-17	86.29	87.79	85.86	86.16	"835519"	86.16
19-Jul-17	85.61	86.1	85.3	85.46	"446738"	85.46
18-Jul-17	86.08	86.21	84.97	85.4	"583158"	85.4
17-Jul-17	86.37	86.9	85.3	86.48	"526963"	86.48
14-Jul-17	87.02	87.02	85.21	86.13	"685278"	86.13
13-Jul-17	87.5	88.01	86.55	86.79	"898791"	86.79
12-Jul-17	87.45	88.02	87.12	87.72	"684574"	87.72
11-Jul-17	88.09	88.13	87.04	87.33	"435412"	87.33
10-Jul-17	88.09	88.09	87.09	87.56	"515082"	87.56
7-Jul-17	88.2	88.28	87.12	87.7	"625776"	87.7
6-Jul-17	88.19	88.24	87.02	87.54	"706123"	87.54
5-Jul-17	87.35	87.69	86.95	87.47	"625570"	87.47
4-Jul-17	86.35	87.87	86.2	87.12	"547018"	87.12
3-Jul-17	85.42	86.98	85.06	86.77	"652619"	86.77
30-Jun-17	85.27	85.8	84.35	84.65	"625967"	84.65
29-Jun-17	86.53	86.9	84.3	85.1	"749074"	85.1
28-Jun-17	85.09	85.61	84.5	85.36	"523641"	85.36
27-Jun-17	85.87	86.15	85.07	85.27	"454805"	85.27
26-Jun-17	86.02	86.27	85.59	85.84	"328882"	85.84
23-Jun-17	85.63	86.01	85.03	85.82	"453113"	85.82
22-Jun-17	86.83	86.83	85.58	85.78	"857708"	85.78
21-Jun-17	86.89	87.19	86.07	86.83	"411246"	86.83
20-Jun-17	87.36	87.36	86.73	86.73	"499301"	86.73
19-Jun-17	86.82	87.36	86.4	86.9	"388476"	86.9
16-Jun-17	86.4	86.85	86.12	86.25	"1722928"	86.25
15-Jun-17	86.52	86.73	85.03	85.52	"670704"	85.52
14-Jun-17	86.84	87.44	86.48	86.48	"742361"	86.48
13-Jun-17	86.6	87.57	86.43	86.5	"1009950"	86.5
12-Jun-17	85.93	85.93	84.92	85.1	"818257"	85.1
9-Jun-17	83.49	84.95	83.08	84.44	"1268289"	84.44
8-Jun-17	82	82.62	81.45	81.88	"432680"	81.88
7-Jun-17	82.05	82.32	81.4	81.59	"604599"	81.59
6-Jun-17	83.64	83.64	82.15	82.28	"691420"	82.28
5-Jun-17	83.74	83.74	83.74	83.74	"376362"	83.74
2-Jun-17	83.95	84.38	83.35	83.74	"376369"	83.74
1-Jun-17	82.9	83.48	82.7	83.32	"308884"	83.32
31-May-17	83.39	83.92	82.68	82.88	"783172"	82.88
30-May-17	82.47	83.63	82.09	83.21	"631157"	83.21
29-May-17	82.42	83	82.05	82.56	"243882"	82.56
26-May-17	82.53	82.85	81.92	82.65	"321071"	82.65
25-May-17	83.58	83.77	82.5	82.72	"363563"	82.72
24-May-17	83.3	83.31	82.48	83.26	"455610"	83.26
23-May-17	83.49	84.18	83.09	83.52	"483199"	83.52
22-May-17	83.48	84.43	83.09	83.64	"662116"	83.64
19-May-17	82.5	83.27	82.34	83.13	"941708"	83.13
18-May-17	83.02	83.16	80.9	82.1	"1564203"	82.1
17-May-17	85.24	85.72	82.75	83.1	"793267"	83.1
16-May-17	85.85	85.85	85.23	85.57	"537585"	85.57
15-May-17	86.45	86.45	85.03	85.73	"447521"	85.73
12-May-17	86.61	86.69	85.39	85.7	"583903"	85.7
11-May-17	87.68	87.7	85.27	86.18	"879785"	86.18
10-May-17	87.91	88.95	87.25	88.6	"1170612"	87
9-May-17	89.42	90.12	89.21	89.69	"619229"	88.07
8-May-17	89.73	89.85	88.58	88.95	"591932"	87.34
5-May-17	88.07	89.83	88.07	89.4	"1013875"	87.79
4-May-17	87.28	88.58	86.89	88.34	"801646"	86.74
3-May-17	86.97	87	85.92	86.94	"592596"	85.37
2-May-17	85	86.97	84.48	86.97	"892164"	85.4
28-Apr-17	86.98	87.47	84.84	85	"669271"	83.47
27-Apr-17	87.34	87.5	86.7	86.93	"491741"	85.36
26-Apr-17	87.54	87.97	87.33	87.72	"415528"	86.14
25-Apr-17	87.94	88.36	87.13	87.4	"423988"	85.82
24-Apr-17	86.1	88.15	85.73	88.03	"1098171"	86.44
21-Apr-17	84.94	85.58	84.23	84.44	"604201"	82.92
20-Apr-17	84.5	85.02	83.6	84.68	"661962"	83.15
19-Apr-17	84.65	85.57	84.52	84.97	"409494"	83.44
18-Apr-17	86.63	86.95	84.74	84.74	"485684"	83.21
13-Apr-17	86.49	86.77	85.86	86.63	"327081"	85.07
12-Apr-17	87.44	87.71	86.32	86.59	"499573"	85.03
11-Apr-17	87.53	87.88	86.83	87.49	"426016"	85.91
10-Apr-17	88.3	88.3	87.46	87.75	"295797"	86.17
7-Apr-17	86.75	88.29	86.68	88.04	"483484"	86.45
6-Apr-17	86.96	87.66	86.34	87.06	"461397"	85.49
5-Apr-17	87.72	88.52	87	87.48	"566367"	85.9
4-Apr-17	87.5	88.04	87.17	87.59	"323894"	86.01
3-Apr-17	88.24	89.04	87.58	87.58	"470710"	86
31-Mar-17	88.03	88.15	86.65	87.76	"666849"	86.18
30-Mar-17	87.89	88.62	87.72	87.98	"439745"	86.39
29-Mar-17	86.93	87.89	86.7	87.7	"552680"	86.12
28-Mar-17	86.69	86.92	85.92	86.65	"569747"	85.09
27-Mar-17	86.5	86.55	85.44	86.12	"614697"	84.56
24-Mar-17	88.25	88.59	86.93	87.39	"638002"	85.81
23-Mar-17	86.65	88.24	86.38	88.13	"526548"	86.54
22-Mar-17	87.03	87.03	85.68	86.72	"667060"	85.15
21-Mar-17	89.43	89.51	87.59	87.74	"681043"	86.16
20-Mar-17	88.99	89.72	88.86	89.39	"330746"	87.78
17-Mar-17	88.52	89.5	88.25	89.29	"1124362"	87.68
16-Mar-17	91	91.32	87.7	88.85	"1472995"	87.25
15-Mar-17	89.83	90.8	89.74	90.43	"518055"	88.8
14-Mar-17	89.03	89.55	88.74	89.55	"419492"	87.93
13-Mar-17	88.46	89.52	88.46	89.12	"337623"	87.51
10-Mar-17	89.66	89.79	88.36	88.69	"397490"	87.09
9-Mar-17	88.88	89.93	88.54	89.37	"433185"	87.76
8-Mar-17	89.2	89.9	88.78	89.23	"410797"	87.62
7-Mar-17	89.9	90.46	89.64	89.86	"331749"	88.24
6-Mar-17	90	90.63	89.49	89.99	"293653"	88.36
3-Mar-17	90	90.61	89.8	90.49	"471002"	88.86
2-Mar-17	90.94	91.99	90.56	90.67	"641448"	89.03
1-Mar-17	88.75	91.5	88.65	91.12	"857399"	89.47
28-Feb-17	87.45	88.59	87.42	88.21	"730818"	86.62
27-Feb-17	86.17	87.68	85.74	87.49	"692934"	85.91
24-Feb-17	86	86.45	84.27	85.79	"777944"	84.24
23-Feb-17	88.38	88.45	86.05	86.17	"747569"	84.61
22-Feb-17	87.73	89.12	87.73	88.57	"813360"	86.97
21-Feb-17	85.5	88.04	85.35	87.65	"895437"	86.07
20-Feb-17	85.9	86.04	85.45	85.6	"334454"	84.05
17-Feb-17	85.5	86	84.89	85.44	"657514"	83.9
16-Feb-17	86.37	86.87	85.34	85.66	"759901"	84.11
15-Feb-17	86.79	87.25	86.06	86.67	"782360"	85.1
14-Feb-17	87.55	89.9	86.06	86.74	"1748173"	85.17
13-Feb-17	89.72	90.72	89.3	90.25	"483793"	88.62
10-Feb-17	89.3	90.73	88.95	89.27	"699048"	87.66
9-Feb-17	87.36	88.09	86.97	87.81	"463760"	86.22
8-Feb-17	88.13	88.3	86.68	87.15	"463464"	85.58
7-Feb-17	89	89.46	87.9	87.96	"522287"	86.37
6-Feb-17	89.7	90.41	88.48	88.89	"517806"	87.28
3-Feb-17	90.9	90.99	89.83	90.01	"591296"	88.38
2-Feb-17	90.07	90.81	89.97	90.73	"338026"	89.09
1-Feb-17	89.77	91.07	89.46	90.25	"588944"	88.62
31-Jan-17	89.81	90.14	89.07	89.14	"469593"	87.53
30-Jan-17	90.76	91.05	89.72	90.01	"503590"	88.38
27-Jan-17	90.78	91.77	90.76	91.18	"423016"	89.53
26-Jan-17	92.01	92.32	90.55	90.78	"709418"	89.14
25-Jan-17	88.73	91.79	88.73	91.5	"1292226"	89.85
24-Jan-17	86.96	87.86	86.78	87.86	"551434"	86.27
23-Jan-17	86.38	87	86.16	86.8	"355667"	85.23
20-Jan-17	85.01	86.86	84.7	86.86	"805681"	85.29
19-Jan-17	85.19	86.14	84.93	85.7	"433461"	84.15
18-Jan-17	85.04	85.38	84.54	85.14	"493917"	83.6
17-Jan-17	85.63	85.65	84.03	84.88	"700603"	83.35
16-Jan-17	86.59	86.84	85.96	85.96	"354771"	84.41
13-Jan-17	86.34	87.22	86.02	86.83	"407100"	85.26
12-Jan-17	85.85	86.46	85.7	86.01	"384434"	84.46
11-Jan-17	85.72	86.42	85.69	86	"612872"	84.45
10-Jan-17	85.96	86.21	85.65	85.9	"529739"	84.35
9-Jan-17	86.8	87.07	85.82	85.91	"485441"	84.36
6-Jan-17	86.79	87.07	86.19	86.93	"281121"	85.36
5-Jan-17	86.48	87.17	86.03	86.86	"373161"	85.29
4-Jan-17	88.43	88.5	86.58	86.72	"559183"	85.15
3-Jan-17	89.37	90.73	88.46	88.5	"545459"	86.9
2-Jan-17	88.56	89.88	88.27	89.51	"215367"	87.89
30-Dec-16	88.36	88.98	88.25	88.63	"272330"	87.03
29-Dec-16	87.4	88.31	87.3	88.31	"215937"	86.72
28-Dec-16	87.55	88.19	87.49	87.79	"231513"	86.2
27-Dec-16	87.4	87.82	87.22	87.68	"140351"	86.1
23-Dec-16	86.57	87.87	86.55	87.4	"291019"	85.82
22-Dec-16	86.76	87.39	86.65	86.73	"435838"	85.16
21-Dec-16	86.42	87.08	86.36	87	"396969"	85.43
20-Dec-16	87.27	87.68	86.14	86.68	"609063"	85.11
19-Dec-16	87.62	87.65	86.83	87.37	"459134"	85.79
16-Dec-16	87.14	87.76	86.37	87.29	"728581"	85.71
15-Dec-16	87.81	88.91	86.65	87.36	"668560"	85.78
14-Dec-16	87.51	87.99	87.01	87.78	"576103"	86.19
13-Dec-16	87.91	88.25	87.13	87.6	"459497"	86.02
12-Dec-16	88.04	88.35	87.08	87.82	"422347"	86.23
9-Dec-16	88.06	88.64	87.84	88.01	"468525"	86.42
8-Dec-16	87	88.83	86.67	88.36	"909797"	86.76
7-Dec-16	84.95	86.99	84.48	86.77	"884335"	85.2
6-Dec-16	84.12	84.36	83.32	84.03	"553279"	82.51
5-Dec-16	83.44	85.12	83.38	84.25	"682237"	82.73
2-Dec-16	83	83.97	82.5	83.65	"531839"	82.14
1-Dec-16	84.12	84.21	83.2	83.32	"493837"	81.82
30-Nov-16	83.99	85.31	83.84	84.61	"1264097"	83.08
29-Nov-16	83.27	84.49	82.99	84.07	"498353"	82.55
28-Nov-16	84	84	82.77	83.23	"550727"	81.73
25-Nov-16	83.09	84.18	82.39	84.13	"613828"	82.61
24-Nov-16	84.15	84.73	83.34	84	"417032"	82.48
23-Nov-16	85.09	85.2	83.31	84.15	"558729"	82.63
22-Nov-16	85.32	85.42	84.62	84.82	"509265"	83.29
21-Nov-16	84.14	84.71	83.02	84.32	"576893"	82.8
18-Nov-16	84.76	84.93	83.6	84	"663871"	82.48
17-Nov-16	84	84.4	83.54	84.08	"859635"	82.56
16-Nov-16	87.32	88.01	84.58	84.58	"1057920"	83.05
15-Nov-16	87.45	88.54	87.15	88.06	"670332"	86.47
14-Nov-16	87.66	88.51	86.55	86.95	"749305"	85.38
11-Nov-16	89.63	90.61	86.77	87.12	"1160520"	85.55
10-Nov-16	92.15	94.59	90.43	91.09	"1270149"	89.45
9-Nov-16	84.37	92.47	84.01	92.13	"1701544"	90.47
8-Nov-16	86.72	88.6	86.48	88.23	"752066"	86.64
7-Nov-16	85.52	86.45	85.52	86.41	"657440"	84.85
4-Nov-16	83.75	84.43	83.39	84	"616495"	82.48
3-Nov-16	84.25	84.45	83.66	84.07	"529640"	82.55
2-Nov-16	84.5	84.98	84.23	84.58	"557768"	83.05
1-Nov-16	86.4	86.66	84.86	85.1	"425791"	83.56
31-Oct-16	86.07	86.77	85.98	86.16	"567449"	84.6
28-Oct-16	84.32	86.34	83.79	86.22	"577869"	84.66
27-Oct-16	85.08	85.53	84.54	84.9	"424835"	83.37
26-Oct-16	85.38	85.47	84.71	85.37	"358146"	83.83