Date	Open	High	Low	Close	Volume	Adj Close
25-Oct-17	21.28	21.31	20.55	20.62	"3392342"	20.62
24-Oct-17	21.43	21.61	21.25	21.3	"2716542"	21.3
23-Oct-17	21.39	21.54	21.35	21.41	"1656790"	21.41
20-Oct-17	21.42	21.64	21.32	21.45	"2814557"	21.45
19-Oct-17	21.3	21.37	21.14	21.37	"2239125"	21.37
18-Oct-17	21.32	21.44	21.24	21.27	"3429204"	21.27
17-Oct-17	21.01	21.32	20.93	21.28	"3285831"	21.28
16-Oct-17	20.94	21.07	20.63	21.02	"2894523"	21.02
13-Oct-17	20.92	20.96	20.74	20.96	"2756352"	20.96
12-Oct-17	20.51	20.88	20.39	20.86	"3864825"	20.86
11-Oct-17	19.86	20.52	19.8	20.49	"4649933"	20.49
10-Oct-17	19.87	19.88	19.66	19.81	"2489433"	19.81
9-Oct-17	19.45	19.94	19.41	19.92	"3275415"	19.92
6-Oct-17	19.33	19.76	19.32	19.45	"3638922"	19.45
5-Oct-17	19.33	19.76	19.32	19.45	"3638922"	19.45
4-Oct-17	19.5	19.83	19.26	19.38	"7717710"	19.38
3-Oct-17	19.55	19.55	19.55	19.55	"3791369"	19.55
2-Oct-17	19.17	19.55	19.15	19.55	"3791365"	19.55
29-Sep-17	19.32	19.48	19.14	19.22	"3717174"	19.22
28-Sep-17	19.42	19.43	19.06	19.33	"3984237"	19.33
27-Sep-17	19.42	19.58	19.32	19.4	"3349297"	19.4
26-Sep-17	19.16	19.43	19.09	19.27	"3518040"	19.27
25-Sep-17	19.85	19.89	19.11	19.16	"9034686"	19.16
22-Sep-17	20.25	20.5	20.09	20.23	"2762600"	20.23
21-Sep-17	20.88	20.88	20.24	20.25	"3654732"	20.25
20-Sep-17	20.09	20.88	19.85	20.83	"6581919"	20.83
19-Sep-17	19.91	20.17	19.8	20.17	"3684048"	20.17
18-Sep-17	20.31	20.55	20.16	20.19	"2713547"	20.19
15-Sep-17	20.09	20.26	20	20.17	"5805837"	20.17
14-Sep-17	20.58	20.67	20.37	20.4	"3148074"	20.4
13-Sep-17	20.8	21.16	20.53	20.65	"3627796"	20.65
12-Sep-17	21.6	21.69	20.92	20.92	"3635408"	20.92
11-Sep-17	21.39	21.59	21.36	21.52	"2080627"	21.52
8-Sep-17	21.34	21.41	21.13	21.33	"2069359"	21.33
7-Sep-17	21.05	21.52	20.97	21.39	"5822753"	21.39
6-Sep-17	20.45	20.88	20.35	20.6	"2630191"	20.6
5-Sep-17	20.7	20.7	20.47	20.56	"3003112"	20.56
4-Sep-17	20.49	20.85	20.45	20.69	"2282730"	20.69
1-Sep-17	21.06	21.15	20.94	20.99	"2718744"	20.99
31-Aug-17	20.84	21.12	20.84	20.95	"3379639"	20.95
30-Aug-17	20.73	20.78	20.42	20.77	"2628048"	20.77
29-Aug-17	20.91	21	20.56	20.6	"3144364"	20.6
28-Aug-17	20.94	21.15	20.89	21.03	"1859480"	21.03
25-Aug-17	20.9	21.15	20.67	21.04	"2830742"	21.04
24-Aug-17	20.86	21.18	20.8	20.8	"4065396"	20.8
23-Aug-17	20.85	20.9	20.63	20.83	"3033878"	20.83
22-Aug-17	20.62	20.85	20.55	20.79	"3716416"	20.79
21-Aug-17	20.6	20.61	20.4	20.44	"2807928"	20.44
18-Aug-17	20.26	20.66	20.17	20.6	"3738094"	20.6
17-Aug-17	20.25	20.75	20.25	20.43	"4934457"	20.43
16-Aug-17	19.79	20.35	19.76	20.22	"6061938"	20.22
15-Aug-17	19.34	19.66	19.31	19.65	"3404277"	19.65
14-Aug-17	19.2	19.45	18.82	19.21	"4855043"	19.21
11-Aug-17	18.9	18.99	18.7	18.83	"2955026"	18.83
10-Aug-17	19.01	19.29	18.87	18.94	"3220237"	18.94
9-Aug-17	18.83	19.15	18.66	19.05	"3567317"	19.05
8-Aug-17	18.59	18.9	18.55	18.9	"3139162"	18.9
7-Aug-17	18.51	18.64	18.38	18.56	"2093306"	18.56
4-Aug-17	18.01	18.56	18.01	18.5	"3334492"	18.5
3-Aug-17	17.89	18.15	17.82	18.06	"2493186"	18.06
2-Aug-17	18.25	18.26	17.89	17.9	"2405039"	17.9
1-Aug-17	17.81	18.2	17.76	18.14	"2935329"	18.14
31-Jul-17	17.51	17.9	17.51	17.82	"2729096"	17.82
28-Jul-17	17.78	17.83	17.42	17.51	"3233671"	17.51
27-Jul-17	17.79	18.01	17.73	17.8	"2612120"	17.8
26-Jul-17	17.64	17.97	17.55	17.85	"2403049"	17.85
25-Jul-17	17.6	17.75	17.53	17.6	"2419597"	17.6
24-Jul-17	17.35	17.65	17.35	17.57	"2721738"	17.57
21-Jul-17	17.6	17.89	17.27	17.35	"5851000"	17.35
20-Jul-17	17.83	17.92	17.58	17.65	"3091876"	17.65
19-Jul-17	17.87	18.01	17.67	17.75	"3141441"	17.75
18-Jul-17	17.84	18.05	17.75	17.77	"1976731"	17.77
17-Jul-17	17.96	18	17.8	17.9	"1497270"	17.9
14-Jul-17	17.96	18.05	17.81	17.92	"2403996"	17.92
13-Jul-17	18.03	18.12	17.89	17.99	"2826283"	17.99
12-Jul-17	17.64	18.01	17.58	17.99	"3851554"	17.99
11-Jul-17	17.77	17.9	17.5	17.55	"3094196"	17.55
10-Jul-17	17.93	18.05	17.69	17.77	"4754081"	17.77
7-Jul-17	17.25	17.72	17.24	17.63	"4896695"	17.63
6-Jul-17	17.39	17.42	16.94	17.15	"4141884"	17.15
5-Jul-17	17.46	17.47	17.23	17.34	"4458990"	17.34
4-Jul-17	17.5	17.59	17.32	17.49	"3766746"	17.49
3-Jul-17	17.7	17.7	17.47	17.59	"3680861"	17.59
30-Jun-17	17.38	17.73	17.35	17.44	"5789288"	17.44
29-Jun-17	17.99	18	17.22	17.39	"7353631"	17.39
28-Jun-17	18.27	18.29	17.91	17.97	"6205385"	17.97
27-Jun-17	18.79	18.92	18.36	18.4	"3898331"	18.4
26-Jun-17	19.15	19.15	18.73	18.85	"4745645"	18.85
23-Jun-17	19.6	19.65	18.94	19.07	"7260665"	19.07
22-Jun-17	19.72	19.79	19.47	19.64	"2649048"	19.64
21-Jun-17	19.83	19.92	19.59	19.69	"2757269"	19.69
20-Jun-17	20.01	20.16	19.82	19.85	"3729276"	19.85
19-Jun-17	20.27	20.33	20	20.16	"3446191"	20.16
16-Jun-17	19.88	20.26	19.84	20.16	"6829564"	20.16
15-Jun-17	19.99	19.99	19.58	19.77	"3316522"	19.77
14-Jun-17	19.61	20.16	19.6	19.8	"4914813"	19.8
13-Jun-17	19.5	19.65	19.42	19.56	"2334645"	19.56
12-Jun-17	19.68	19.72	19.3	19.45	"4229685"	19.45
9-Jun-17	20	20.12	19.56	19.73	"6268180"	19.73
8-Jun-17	19.87	20.13	19.48	19.99	"7518075"	19.99
7-Jun-17	18.61	19.84	18.15	19.55	"15354490"	19.55
6-Jun-17	18.05	18.61	17.98	18.52	"6508786"	18.52
5-Jun-17	18.16	18.16	18.16	18.16	"3634991"	18.16
2-Jun-17	18.16	18.27	17.97	18.16	"3634921"	18.16
1-Jun-17	18.09	18.44	18.06	18.21	"4940541"	18.21
31-May-17	17.67	18.16	17.66	18.08	"7159700"	18.08
30-May-17	17.47	17.66	17.4	17.65	"2169049"	17.65
29-May-17	17.49	17.58	17.42	17.53	"1490998"	17.53
26-May-17	17.42	17.54	17.25	17.54	"2522798"	17.54
25-May-17	17.59	17.65	17.31	17.46	"2948129"	17.46
24-May-17	17.52	17.59	17.33	17.5	"2632763"	17.5
23-May-17	17.33	17.53	17.31	17.5	"4061008"	17.5
22-May-17	17.06	17.46	17.02	17.38	"5557538"	17.38
19-May-17	16.11	17.06	16.1	16.97	"9502222"	16.97
18-May-17	16.1	16.26	15.97	16.1	"3265741"	16.1
17-May-17	16.26	16.26	16.03	16.11	"3348542"	16.11
16-May-17	16.22	16.32	16.17	16.32	"3241030"	16.32
15-May-17	15.65	16.31	15.56	16.2	"5862018"	16.2
12-May-17	15.57	15.63	15.39	15.6	"2060554"	15.6
11-May-17	15.57	15.7	15.48	15.59	"2228633"	15.59
10-May-17	15.49	15.6	15.45	15.6	"2428513"	15.6
9-May-17	15.38	15.6	15.24	15.56	"3333965"	15.56
8-May-17	15.43	15.45	15.27	15.35	"2684375"	15.35
5-May-17	15.28	15.4	15.21	15.38	"3451675"	15.38
4-May-17	15.24	15.39	15.02	15.39	"3903572"	15.39
3-May-17	15.27	15.27	15.05	15.19	"2942442"	15.19
2-May-17	15.2	15.37	15.09	15.28	"3375941"	15.28
28-Apr-17	15.35	15.35	15.16	15.2	"3872052"	15.2
27-Apr-17	15.34	15.51	15.24	15.41	"2912611"	15.41
26-Apr-17	15.31	15.47	15.19	15.39	"2846805"	15.39
25-Apr-17	15.71	15.71	15.29	15.31	"3649388"	15.31
24-Apr-17	15.49	15.77	15.45	15.67	"5379402"	15.67
21-Apr-17	15.36	15.36	15.01	15.15	"4390363"	15.15
20-Apr-17	15.33	15.52	15.27	15.3	"2788083"	15.3
19-Apr-17	15.47	15.51	15.31	15.35	"3736260"	15.35
18-Apr-17	15.8	15.85	15.45	15.45	"3046176"	15.45
13-Apr-17	15.82	15.86	15.67	15.8	"2140881"	15.8
12-Apr-17	15.72	15.85	15.61	15.83	"2484283"	15.83
11-Apr-17	15.6	15.85	15.59	15.76	"2751083"	15.76
10-Apr-17	15.8	15.8	15.56	15.65	"2176208"	15.65
7-Apr-17	15.52	15.77	15.5	15.75	"2821123"	15.75
6-Apr-17	15.5	15.8	15.44	15.72	"3891940"	15.72
5-Apr-17	15.43	15.61	15.39	15.56	"3264087"	15.56
4-Apr-17	15.48	15.48	15.27	15.41	"3348959"	15.41
3-Apr-17	15.73	15.77	15.4	15.45	"4278325"	15.45
31-Mar-17	15.07	15.79	15.06	15.53	"8005550"	15.53
30-Mar-17	14.98	15.17	14.91	15.09	"4261769"	15.09
29-Mar-17	14.71	14.93	14.69	14.93	"4525584"	14.93
28-Mar-17	14.87	14.98	14.55	14.7	"5271823"	14.7
27-Mar-17	14.93	14.97	14.69	14.79	"3986366"	14.79
24-Mar-17	15.01	15.37	14.9	15.17	"5570948"	15.17
23-Mar-17	14.57	14.93	14.56	14.91	"4521036"	14.91
22-Mar-17	14.47	14.59	14.31	14.51	"2944524"	14.51
21-Mar-17	14.68	14.72	14.44	14.55	"4182345"	14.55
20-Mar-17	14.65	14.74	14.55	14.66	"3158279"	14.66
17-Mar-17	14.81	14.81	14.58	14.68	"6323754"	14.68
16-Mar-17	14.65	14.77	14.56	14.77	"5468926"	14.77
15-Mar-17	14.69	14.74	14.31	14.53	"7058544"	14.53
14-Mar-17	14.62	15.02	14.05	14.61	"18741753"	14.61
13-Mar-17	13.84	13.86	13.63	13.73	"3189501"	13.73
10-Mar-17	14	14.15	13.81	13.81	"3920398"	13.81
9-Mar-17	13.85	13.96	13.72	13.94	"4400927"	13.94
8-Mar-17	13.81	13.94	13.64	13.92	"4193046"	13.92
7-Mar-17	13.98	14.03	13.81	13.9	"3615745"	13.9
6-Mar-17	13.97	14.05	13.78	14.02	"2794869"	14.02
3-Mar-17	13.9	14.07	13.84	14.01	"4360577"	14.01
2-Mar-17	13.76	13.95	13.68	13.93	"3155733"	13.93
1-Mar-17	13.52	13.85	13.52	13.82	"4796115"	13.82
28-Feb-17	13.43	13.49	13.35	13.45	"3676329"	13.45
27-Feb-17	13.23	13.41	13.18	13.36	"2655654"	13.36
24-Feb-17	13.38	13.5	13.11	13.22	"4342806"	13.22
23-Feb-17	13.05	13.48	13.05	13.39	"5344147"	13.39
22-Feb-17	13.18	13.66	13.05	13.4	"9499356"	13.4
21-Feb-17	13.5	13.52	13.35	13.5	"3491450"	13.5
20-Feb-17	13.29	13.46	13.27	13.45	"3319793"	13.45
17-Feb-17	13.26	13.26	13.05	13.22	"4284466"	13.22
16-Feb-17	13.18	13.31	13.15	13.26	"3761774"	13.26
15-Feb-17	13.15	13.4	13.08	13.18	"4383424"	13.18
14-Feb-17	13.15	13.36	13.04	13.06	"6121365"	13.06
13-Feb-17	12.9	13.06	12.87	12.95	"3011675"	12.95
10-Feb-17	12.9	13.04	12.84	12.9	"4665644"	12.9
9-Feb-17	12.6	12.93	12.57	12.81	"5872236"	12.81
8-Feb-17	12.18	12.6	12.11	12.55	"5678060"	12.55
7-Feb-17	12.02	12.24	11.98	12.19	"3866371"	12.19
6-Feb-17	12.18	12.24	11.98	11.98	"3438341"	11.98
3-Feb-17	12.16	12.27	12.02	12.17	"3169505"	12.17
2-Feb-17	12.08	12.2	12.01	12.13	"3397995"	12.13
1-Feb-17	12.3	12.38	12.06	12.09	"4362532"	12.09
31-Jan-17	12.19	12.34	12.05	12.26	"3927331"	12.26
30-Jan-17	12.55	12.56	12.14	12.15	"4814915"	12.15
27-Jan-17	12.58	12.65	12.49	12.56	"3306236"	12.56
26-Jan-17	12.72	12.77	12.55	12.56	"3527709"	12.56
25-Jan-17	12.85	12.86	12.49	12.65	"7642266"	12.65
24-Jan-17	12.72	12.89	12.59	12.78	"3573233"	12.78
23-Jan-17	12.69	12.78	12.61	12.72	"3009109"	12.72
20-Jan-17	12.73	12.86	12.68	12.75	"3058368"	12.75
19-Jan-17	12.8	12.85	12.65	12.72	"4696243"	12.72
18-Jan-17	12.8	13.03	12.66	12.8	"3639119"	12.8
17-Jan-17	12.69	12.74	12.64	12.7	"4234291"	12.7
16-Jan-17	12.44	12.99	12.38	12.67	"5187701"	12.67
13-Jan-17	12.51	12.51	12.26	12.44	"3477907"	12.44
12-Jan-17	12.23	12.65	12.2	12.44	"7069116"	12.44
11-Jan-17	11.94	12.3	11.9	12.23	"7220067"	12.23
10-Jan-17	11.81	11.9	11.6	11.81	"3152845"	11.81
9-Jan-17	11.85	11.98	11.73	11.8	"2787562"	11.8
6-Jan-17	11.94	12.02	11.8	11.8	"3304833"	11.8
5-Jan-17	11.85	12	11.84	11.98	"2357164"	11.98
4-Jan-17	12	12.04	11.82	11.85	"3354236"	11.85
3-Jan-17	12.16	12.27	11.98	11.98	"4979070"	11.98
2-Jan-17	11.95	12.19	11.85	12.09	"3706107"	12.09
30-Dec-16	11.69	11.81	11.6	11.81	"1774842"	11.81
29-Dec-16	11.65	11.72	11.59	11.69	"1364048"	11.69
28-Dec-16	11.65	11.81	11.61	11.68	"2344731"	11.68
27-Dec-16	11.58	11.69	11.57	11.68	"1237269"	11.68
23-Dec-16	11.59	11.65	11.54	11.58	"1409605"	11.58
22-Dec-16	11.56	11.67	11.48	11.6	"2615376"	11.6
21-Dec-16	11.5	11.61	11.48	11.59	"3005157"	11.59
20-Dec-16	11.4	11.55	11.38	11.52	"2771786"	11.52
19-Dec-16	11.34	11.48	11.31	11.4	"4810477"	11.4
16-Dec-16	11.2	11.33	11.14	11.31	"9084871"	11.31
15-Dec-16	11.35	11.37	11.02	11.18	"9680691"	11.18
14-Dec-16	11.34	11.48	11.12	11.39	"6396820"	11.39
13-Dec-16	11.55	11.63	11.29	11.38	"6464437"	11.38
12-Dec-16	11.55	11.6	11.38	11.57	"6892849"	11.57
9-Dec-16	11.18	11.3	11.14	11.19	"5930404"	11.19
8-Dec-16	11.69	11.72	11.03	11.15	"14134483"	11.15
7-Dec-16	12.09	12.09	11.56	11.6	"7636984"	11.6
6-Dec-16	11.8	12.48	11.78	11.92	"11480986"	11.92
5-Dec-16	11.56	11.8	11.5	11.74	"4117626"	11.74
2-Dec-16	11.51	11.73	11.48	11.6	"3608508"	11.6
1-Dec-16	11.88	11.89	11.56	11.61	"4596487"	11.61
30-Nov-16	12.04	12.1	11.86	11.86	"4678293"	11.86
29-Nov-16	11.72	12.05	11.64	12.02	"4351743"	12.02
28-Nov-16	11.51	11.76	11.35	11.65	"4890857"	11.65
25-Nov-16	11.76	11.84	11.6	11.77	"2983088"	11.77
24-Nov-16	11.89	11.93	11.69	11.72	"2729939"	11.72
23-Nov-16	11.96	12.07	11.84	11.87	"3306474"	11.87
22-Nov-16	11.95	12.17	11.89	11.95	"3858432"	11.95
21-Nov-16	11.8	11.86	11.65	11.86	"3635853"	11.86
18-Nov-16	12.03	12.1	11.68	11.74	"6166814"	11.74
17-Nov-16	12.23	12.27	11.91	12.01	"4910733"	12.01
16-Nov-16	12.46	12.64	12.19	12.23	"6019809"	12.23
15-Nov-16	12.2	12.4	12.07	12.22	"7350620"	12.22
14-Nov-16	12.7	12.8	11.86	11.9	"8561619"	11.9
11-Nov-16	12.57	12.6	12.05	12.33	"11620666"	12.33
10-Nov-16	13.55	13.63	12.52	12.68	"9835272"	12.68
9-Nov-16	13.3	13.65	12.95	13.48	"7253532"	13.48
8-Nov-16	13.95	13.99	13.56	13.58	"4726206"	13.58
7-Nov-16	14.13	14.26	14.06	14.08	"2484966"	14.08
4-Nov-16	14.08	14.13	13.84	13.94	"3357515"	13.94
3-Nov-16	13.77	14.2	13.65	14.11	"4112676"	14.11
2-Nov-16	14.14	14.2	13.75	13.75	"4532784"	13.75
1-Nov-16	14.52	14.94	14.21	14.24	"4561225"	14.24
31-Oct-16	14.02	14.56	14.02	14.46	"4007862"	14.46
28-Oct-16	14.11	14.22	13.94	14.13	"3105599"	14.13
27-Oct-16	14.27	14.37	14.14	14.2	"2204963"	14.2
26-Oct-16	14.05	14.36	14.05	14.31	"3429647"	14.31