Date	Open	High	Low	Close	Volume	Adj Close
25-Oct-17	20.61	20.83	20.55	20.64	"735584"	20.64
24-Oct-17	20.75	20.86	20.67	20.73	"516113"	20.73
23-Oct-17	20.95	20.98	20.76	20.82	"659794"	20.82
20-Oct-17	20.7	21.3	20.66	20.94	"1363201"	20.94
19-Oct-17	20.83	20.94	20.51	20.66	"895703"	20.66
18-Oct-17	20.7	20.88	20.66	20.8	"715732"	20.8
17-Oct-17	20.86	20.92	20.64	20.72	"917767"	20.72
16-Oct-17	20.82	21.25	20.7	20.83	"1368440"	20.83
13-Oct-17	20.63	20.78	20.53	20.75	"754616"	20.75
12-Oct-17	20.83	20.91	20.57	20.65	"1264235"	20.65
11-Oct-17	21.1	21.1	20.81	20.85	"1423504"	20.85
10-Oct-17	20.72	21.15	20.35	20.97	"2770114"	20.97
9-Oct-17	22.35	22.35	20.58	20.66	"6001819"	20.66
6-Oct-17	22.38	22.39	21.98	22.18	"1713651"	22.18
5-Oct-17	22.38	22.39	21.98	22.18	"1713651"	22.18
4-Oct-17	23.01	23.34	22.31	22.44	"2596185"	22.44
3-Oct-17	22.99	22.99	22.99	22.99	"1422895"	22.99
2-Oct-17	23.13	23.3	22.62	22.99	"1422850"	22.99
29-Sep-17	22.98	23.22	22.86	23.05	"1424756"	23.05
28-Sep-17	22.66	22.84	22.46	22.8	"965429"	22.8
27-Sep-17	22.43	22.85	22.42	22.58	"1205362"	22.58
26-Sep-17	22.1	22.42	22.08	22.35	"954224"	22.35
25-Sep-17	22.2	22.3	22.09	22.12	"685124"	22.12
22-Sep-17	22.08	22.35	22.03	22.15	"844789"	22.15
21-Sep-17	22.06	22.35	22.03	22.17	"1503320"	22.17
20-Sep-17	21.65	22.03	21.51	21.92	"1257214"	21.92
19-Sep-17	21.68	22.02	21.61	21.61	"1706833"	21.61
18-Sep-17	21.2	21.74	21.16	21.64	"1893454"	21.64
15-Sep-17	20.55	21.16	20.55	20.98	"1958801"	20.98
14-Sep-17	20.48	20.61	20.34	20.56	"900592"	20.56
13-Sep-17	20.84	20.91	20.4	20.48	"1578666"	20.48
12-Sep-17	20.45	21.18	20.41	20.91	"1828822"	20.91
11-Sep-17	20.4	20.58	20.31	20.41	"783626"	20.41
8-Sep-17	20.5	20.53	20.25	20.31	"801891"	20.31
7-Sep-17	20.41	20.69	20.38	20.53	"992659"	20.53
6-Sep-17	20.2	20.36	20.05	20.28	"745467"	20.28
5-Sep-17	20.35	20.47	20.21	20.28	"780327"	20.28
4-Sep-17	20.33	20.4	20.2	20.32	"658973"	20.32
1-Sep-17	20.25	20.67	20.19	20.43	"1500492"	20.43
31-Aug-17	20.13	20.25	19.99	20.02	"1062884"	20.02
30-Aug-17	20.16	20.2	20.01	20.01	"729605"	20.01
29-Aug-17	20.31	20.35	19.93	20.02	"1382917"	20.02
28-Aug-17	20.31	20.53	20.21	20.43	"689987"	20.43
25-Aug-17	20.5	20.58	20.35	20.35	"1094579"	20.35
24-Aug-17	20.77	20.78	20.42	20.45	"1273273"	20.45
23-Aug-17	20.6	20.91	20.41	20.75	"3414977"	20.75
22-Aug-17	19.75	19.94	19.43	19.86	"1320049"	19.86
21-Aug-17	19.65	19.72	19.5	19.56	"1241842"	19.56
18-Aug-17	19.9	19.92	19.51	19.76	"2227837"	19.76
17-Aug-17	20.08	20.17	19.81	20	"2125018"	20
16-Aug-17	20.6	20.84	20.02	20.1	"3249785"	20.1
15-Aug-17	21.17	21.44	20.48	20.66	"4359872"	20.66
14-Aug-17	21.59	21.93	21.59	21.83	"1325879"	21.83
11-Aug-17	21.58	21.58	21.2	21.48	"1270651"	21.48
10-Aug-17	22.1	22.1	21.61	21.73	"1027739"	21.73
9-Aug-17	22.3	22.35	21.98	22.15	"652126"	22.15
8-Aug-17	22.34	22.58	22.3	22.47	"375739"	22.47
7-Aug-17	22.35	22.61	22.31	22.41	"675498"	22.41
4-Aug-17	21.93	22.42	21.9	22.31	"777172"	22.31
3-Aug-17	22	22.14	21.84	21.95	"679210"	21.95
2-Aug-17	22.26	22.38	22.04	22.07	"709860"	22.07
1-Aug-17	22.02	22.34	21.85	22.18	"1058157"	22.18
31-Jul-17	22.08	22.21	21.99	22	"630061"	22
28-Jul-17	22.2	22.22	21.9	22.04	"998234"	22.04
27-Jul-17	22.5	22.57	22.16	22.22	"748792"	22.22
26-Jul-17	22.39	22.58	22.26	22.58	"603811"	22.58
25-Jul-17	22.3	22.4	22.18	22.33	"840587"	22.33
24-Jul-17	22.42	22.47	22.19	22.31	"752382"	22.31
21-Jul-17	23.27	23.33	22.44	22.5	"1832696"	22.5
20-Jul-17	23.51	23.72	23.28	23.33	"660746"	23.33
19-Jul-17	23.4	23.45	23.13	23.44	"876877"	23.44
18-Jul-17	23.79	24.05	23.33	23.4	"1196243"	23.4
17-Jul-17	24.02	24.36	23.95	24.08	"813434"	24.08
14-Jul-17	23.68	24.31	23.6	24.06	"1158316"	24.06
13-Jul-17	23.6	24.22	23.43	23.83	"1840586"	23.83
12-Jul-17	23.78	23.85	23.58	23.58	"753037"	23.58
11-Jul-17	23.26	23.85	23.2	23.63	"1960595"	23.63
10-Jul-17	23.06	23.19	22.72	23.04	"826427"	23.04
7-Jul-17	22.98	23.2	22.91	23	"414177"	23
6-Jul-17	23.15	23.23	22.81	23.01	"562495"	23.01
5-Jul-17	23.25	23.37	23.06	23.09	"656874"	23.09
4-Jul-17	23.15	23.49	23.08	23.2	"859011"	23.2
3-Jul-17	22.55	23.33	22.52	23.22	"1048001"	23.22
30-Jun-17	22.79	22.84	22.41	22.42	"1107352"	22.42
29-Jun-17	22.75	22.95	22.28	22.47	"1193807"	22.47
28-Jun-17	22.62	22.67	22.35	22.63	"939929"	22.63
27-Jun-17	22.68	22.88	22.62	22.67	"740789"	22.67
26-Jun-17	22.91	23.17	22.64	22.69	"914109"	22.69
23-Jun-17	23.1	23.19	22.63	22.87	"800971"	22.87
22-Jun-17	23.27	23.57	23.03	23.11	"898290"	23.11
21-Jun-17	23.53	23.53	23.18	23.3	"962996"	23.3
20-Jun-17	24.05	24.25	23.5	23.5	"1013639"	23.5
19-Jun-17	23.55	24.12	23.55	23.95	"1096816"	23.95
16-Jun-17	23.52	23.93	23.31	23.35	"2507244"	23.35
15-Jun-17	23.9	24.05	23.35	23.41	"1134002"	23.41
14-Jun-17	24.19	24.36	23.91	23.91	"1217900"	23.91
13-Jun-17	24.47	24.74	23.85	24.08	"2084178"	24.08
12-Jun-17	23.41	24.4	23.32	24.26	"2850273"	24.26
9-Jun-17	22.75	23.37	22.55	23.32	"1382044"	23.32
8-Jun-17	22.92	22.97	22.42	22.57	"915327"	22.57
7-Jun-17	23.1	23.23	22.77	22.9	"829697"	22.9
6-Jun-17	23.03	23.28	22.99	23.15	"991871"	23.15
5-Jun-17	23.07	23.07	23.07	23.07	"1128261"	23.07
2-Jun-17	23	23.51	22.88	23.07	"1128226"	23.07
1-Jun-17	22.89	23.24	22.83	22.9	"944852"	22.9
31-May-17	23	23.08	22.77	22.77	"1258768"	22.77
30-May-17	23.24	23.3	22.95	23.05	"774434"	23.05
29-May-17	23.18	23.31	23.06	23.25	"454217"	23.25
26-May-17	23.07	23.19	22.95	23.17	"866971"	23.17
25-May-17	23.39	23.39	23.05	23.17	"541589"	23.17
24-May-17	23.35	23.43	23.17	23.25	"832060"	23.25
23-May-17	23.39	23.6	23.36	23.4	"766340"	23.4
22-May-17	23.89	23.94	23.31	23.41	"1271205"	23.41
19-May-17	23.38	24.13	23.2	23.69	"3750262"	23.69
18-May-17	23.14	23.14	22.57	22.86	"1251616"	22.86
17-May-17	23.07	23.74	22.74	22.86	"1920351"	22.86
16-May-17	23.2	23.65	22.97	23.15	"2048248"	23.15
15-May-17	23	23.51	22.79	23.28	"2848090"	23.28
12-May-17	22.3	22.38	22.17	22.25	"570611"	22.25
11-May-17	22.45	22.67	22.1	22.28	"1122956"	22.28
10-May-17	22.89	23	22.59	22.75	"1379780"	22.44
9-May-17	22.81	23.24	22.7	22.91	"2201504"	22.6
8-May-17	22.86	22.9	22.4	22.55	"1643350"	22.25
5-May-17	21.85	22.94	21.75	22.68	"2504844"	22.38
4-May-17	21.45	21.98	21.3	21.95	"1152775"	21.67
3-May-17	21.5	21.6	21.33	21.39	"1033689"	21.1
2-May-17	21.91	21.91	21.47	21.49	"1524205"	21.21
28-Apr-17	21.9	22.15	21.77	21.91	"1108927"	21.62
27-Apr-17	21.22	21.92	21.11	21.9	"1821965"	21.61
26-Apr-17	21.39	21.51	21.21	21.27	"871244"	20.99
25-Apr-17	21.45	21.61	21.05	21.5	"850383"	21.22
24-Apr-17	21.39	21.64	21.34	21.5	"1426897"	21.22
21-Apr-17	21.25	21.42	21	21.08	"932478"	20.8
20-Apr-17	21.08	21.21	21.02	21.18	"722864"	20.91
19-Apr-17	21.34	21.46	21.08	21.15	"842986"	20.87
18-Apr-17	21.89	21.91	21.3	21.3	"1153057"	21.02
13-Apr-17	22.03	22.04	21.73	21.89	"751769"	21.6
12-Apr-17	22.17	22.5	22.08	22.11	"966605"	21.82
11-Apr-17	22.16	22.78	21.99	22.17	"1890847"	21.88
10-Apr-17	21.85	22.09	21.84	21.97	"782443"	21.68
7-Apr-17	21.5	21.92	21.5	21.83	"687819"	21.55
6-Apr-17	21.56	21.71	21.42	21.65	"952892"	21.36
5-Apr-17	21.6	21.9	21.6	21.73	"980861"	21.44
4-Apr-17	21.81	21.98	21.5	21.65	"920291"	21.36
3-Apr-17	21.89	22.09	21.67	21.92	"1485991"	21.63
31-Mar-17	21.17	21.92	21.17	21.79	"1789001"	21.5
30-Mar-17	21.27	21.34	21.14	21.28	"847222"	21
29-Mar-17	21.25	21.35	21.11	21.34	"1041370"	21.06
28-Mar-17	20.94	21.15	20.88	21.13	"1151651"	20.85
27-Mar-17	20.95	21.04	20.68	20.92	"1344321"	20.65
24-Mar-17	21.44	21.49	21.1	21.18	"946972"	20.91
23-Mar-17	21.2	21.5	20.88	21.48	"1332626"	21.19
22-Mar-17	21.49	21.5	21.02	21.21	"1930993"	20.93
21-Mar-17	22.08	22.2	21.61	21.66	"1292223"	21.37
20-Mar-17	22.58	22.7	22.05	22.13	"1574733"	21.83
17-Mar-17	22.65	22.92	22.23	22.81	"2787174"	22.5
16-Mar-17	22.51	24	22.15	22.93	"5540438"	22.63
15-Mar-17	22.82	23.19	22.82	23.11	"1225912"	22.81
14-Mar-17	22.98	22.98	22.67	22.89	"896025"	22.58
13-Mar-17	22.58	23.02	22.58	22.95	"1016659"	22.65
10-Mar-17	22.62	22.76	22.47	22.58	"1016130"	22.29
9-Mar-17	21.97	23.16	21.83	22.51	"2520474"	22.21
8-Mar-17	22.08	22.14	21.83	22	"832563"	21.71
7-Mar-17	22.31	22.34	22.03	22.09	"987673"	21.8
6-Mar-17	22.38	22.48	22.23	22.4	"622909"	22.1
3-Mar-17	22.4	22.66	22.39	22.45	"953714"	22.16
2-Mar-17	22.59	22.83	22.52	22.53	"819353"	22.23
1-Mar-17	22.11	22.74	22.02	22.65	"1184660"	22.35
28-Feb-17	21.8	22.38	21.68	22.07	"1613525"	21.78
27-Feb-17	21.74	21.86	21.58	21.77	"819211"	21.48
24-Feb-17	22.25	22.3	21.43	21.73	"1594761"	21.44
23-Feb-17	22.67	22.74	22.29	22.35	"853607"	22.06
22-Feb-17	22.96	23.03	22.61	22.71	"712281"	22.41
21-Feb-17	22.63	22.97	22.46	22.88	"966494"	22.57
20-Feb-17	22.68	22.75	22.47	22.66	"706658"	22.36
17-Feb-17	23.1	23.16	22.49	22.75	"1107635"	22.45
16-Feb-17	23.31	23.33	23.04	23.15	"816319"	22.84
15-Feb-17	23.16	23.36	23.02	23.26	"743214"	22.95
14-Feb-17	23.26	23.4	23.11	23.14	"636685"	22.83
13-Feb-17	23.2	23.52	23.05	23.4	"1007996"	23.09
10-Feb-17	22.88	23.2	22.8	23.08	"977739"	22.78
9-Feb-17	22.53	22.8	22.46	22.75	"1002211"	22.45
8-Feb-17	22.93	23.08	22.31	22.52	"1112430"	22.23
7-Feb-17	22.61	23.06	22.54	22.94	"1012859"	22.64
6-Feb-17	23.23	23.32	22.61	22.67	"1959420"	22.38
3-Feb-17	23.47	23.61	23.21	23.27	"849531"	22.96
2-Feb-17	23.55	23.69	23.33	23.36	"838281"	23.06
1-Feb-17	23.39	23.73	23.36	23.58	"927992"	23.27
31-Jan-17	23.78	24.17	23.38	23.44	"1260365"	23.13
30-Jan-17	23.88	24.17	23.61	23.78	"945360"	23.47
27-Jan-17	23.99	24.2	23.85	23.97	"1135290"	23.65
26-Jan-17	24.82	24.95	23.85	23.99	"2362212"	23.67
25-Jan-17	24.2	24.91	24.2	24.83	"2226251"	24.5
24-Jan-17	23.41	24.11	23.41	24.02	"1709936"	23.7
23-Jan-17	23.5	23.59	23.27	23.4	"1145602"	23.09
20-Jan-17	23.33	23.73	23.33	23.67	"1209256"	23.36
19-Jan-17	23.82	23.84	23.2	23.43	"1527624"	23.13
18-Jan-17	23.78	23.98	23.58	23.84	"1183279"	23.53
17-Jan-17	23.11	23.76	22.8	23.62	"1752443"	23.31
16-Jan-17	23.45	23.52	23.18	23.24	"665662"	22.93
13-Jan-17	23.13	23.61	23.11	23.57	"1038894"	23.25
12-Jan-17	23.44	23.6	22.98	22.99	"1211113"	22.68
11-Jan-17	22.7	23.64	22.55	23.41	"1982631"	23.1
10-Jan-17	22.31	22.78	22.3	22.76	"1432007"	22.46
9-Jan-17	22.47	22.7	22.27	22.48	"966482"	22.18
6-Jan-17	22.73	22.73	22.41	22.56	"802081"	22.26
5-Jan-17	22.88	22.88	22.69	22.84	"790253"	22.54
4-Jan-17	22.68	22.94	22.63	22.94	"920374"	22.64
3-Jan-17	22.52	22.85	22.49	22.71	"1161755"	22.41
2-Jan-17	22.78	22.79	22.63	22.75	"690641"	22.45
30-Dec-16	22.66	22.78	22.58	22.69	"866717"	22.39
29-Dec-16	22.35	22.6	22.34	22.6	"676612"	22.3
28-Dec-16	22.4	22.56	22.4	22.55	"768934"	22.25
27-Dec-16	22.35	22.51	22.24	22.41	"612830"	22.11
23-Dec-16	21.94	22.43	21.94	22.35	"1501572"	22.06
22-Dec-16	21.74	21.96	21.61	21.95	"1030193"	21.66
21-Dec-16	21.32	21.72	21.31	21.63	"1053361"	21.34
20-Dec-16	21.58	21.59	21.31	21.43	"1442445"	21.15
19-Dec-16	21.7	21.81	21.51	21.56	"1328331"	21.28
16-Dec-16	21.85	21.98	21.75	21.78	"2810184"	21.49
15-Dec-16	21.74	21.99	21.61	21.94	"1274824"	21.65
14-Dec-16	21.8	22.02	21.51	21.72	"1333832"	21.43
13-Dec-16	21.95	22.08	21.8	21.96	"1263880"	21.67
12-Dec-16	22.03	22.25	21.78	21.85	"1176938"	21.56
9-Dec-16	22.1	22.38	21.7	22.19	"2228347"	21.9
8-Dec-16	21.31	22.32	21.31	22.21	"3476963"	21.92
7-Dec-16	20.84	21.34	20.83	21.33	"2733357"	21.05
6-Dec-16	20.15	20.85	20.11	20.83	"1849346"	20.56
5-Dec-16	19.9	20.25	19.88	20.17	"1503546"	19.9
2-Dec-16	19.9	20.07	19.77	19.85	"1675536"	19.59
1-Dec-16	19.16	20.23	19.16	20.09	"3658054"	19.83
30-Nov-16	18.93	19.18	18.92	19.15	"1554133"	18.89
29-Nov-16	18.9	19.07	18.75	18.92	"1140152"	18.67
28-Nov-16	19.15	19.15	18.63	18.92	"1150882"	18.68
25-Nov-16	19	19.17	18.86	19.15	"1259582"	18.9
24-Nov-16	18.7	18.99	18.68	18.95	"948753"	18.7
23-Nov-16	18.75	18.84	18.6	18.7	"1013860"	18.45
22-Nov-16	18.75	18.82	18.54	18.75	"1303385"	18.51
21-Nov-16	18.57	18.8	18.48	18.64	"1224190"	18.39
18-Nov-16	19.08	19.08	18.63	18.83	"1508866"	18.59
17-Nov-16	18.98	19	18.65	18.97	"1115269"	18.72
16-Nov-16	19	19.19	18.86	18.98	"1154696"	18.73
15-Nov-16	19.12	19.29	18.82	19.07	"1507989"	18.81
14-Nov-16	19.66	19.83	19.2	19.22	"1880239"	18.97
11-Nov-16	19.9	20.32	19.43	19.58	"2577735"	19.32
10-Nov-16	18.86	19.99	18.86	19.81	"3741365"	19.55
9-Nov-16	18.24	19.19	18.14	19.08	"2291335"	18.83
8-Nov-16	18.7	18.9	18.6	18.67	"1211743"	18.43
7-Nov-16	18.64	18.83	18.56	18.7	"1145572"	18.45
4-Nov-16	18.16	18.54	18.05	18.46	"1190982"	18.22
3-Nov-16	18.2	18.57	18.16	18.26	"1105452"	18.02
2-Nov-16	18.15	18.4	18.08	18.3	"929031"	18.05
1-Nov-16	18.52	18.65	18.19	18.24	"1013735"	17.99
31-Oct-16	18.6	18.75	18.38	18.43	"829355"	18.19
28-Oct-16	18.56	18.74	18.49	18.64	"800059"	18.39
27-Oct-16	18.6	18.77	18.38	18.62	"1557659"	18.37
26-Oct-16	18.34	18.89	18.34	18.6	"1700392"	18.35